menor tamanho: 17

10. 0, 6, 3, 5, 0, 4, 6, 1, 7, 4, 1, 3, 0, 2, 7, 5, 2, 4
11. 0, 6, 3, 5, 2, 0, 4, 6, 1, 3, 0, 5, 7, 4, 2, 7, 1, 4
12. 0, 4, 6, 1, 4, 2, 0, 5, 2, 7, 5, 3, 6, 0, 3, 1, 7, 4
13. 0, 3, 5, 0, 4, 7, 5, 2, 0, 6, 1, 4, 2, 7, 1, 3, 6, 4
14. 0, 6, 1, 7, 4, 1, 3, 5, 2, 4, 6, 3, 0, 2, 7, 5, 0, 4
15. 0, 3, 5, 2, 0, 6, 4, 1, 6, 3, 1, 7, 4, 2, 7, 5, 0, 4
16. 0, 3, 1, 4, 2, 7, 4, 6, 3, 5, 7, 1, 6, 0, 2, 5, 0, 4
17. 0, 3, 5, 2, 4, 7, 1, 6, 4, 1, 3, 6, 0, 2, 7, 5, 0, 4
18. 0, 5, 3, 0, 4, 6, 0, 2, 5, 7, 4, 2, 7, 1, 6, 3, 1, 4
19. 0, 3, 5, 2, 0, 4, 2, 7, 5, 0, 6, 1, 3, 6, 4, 7, 1, 4
20. 0, 6, 3, 0, 5, 7, 1, 6, 4, 7, 2, 4, 1, 3, 5, 2, 0, 4
21. 0, 3, 1, 6, 0, 4, 1, 7, 2, 5, 3, 6, 4, 2, 0, 5, 7, 4
22. 0, 6, 3, 0, 2, 7, 4, 6, 1, 3, 5, 0, 4, 2, 5, 7, 1, 4
23. 0, 2, 7, 5, 2, 4, 7, 1, 6, 3, 5, 0, 4, 6, 0, 3, 1, 4
24. 0, 5, 2, 0, 4, 1, 7, 2, 4, 7, 5, 3, 1, 6, 0, 3, 6, 4
25. 0, 6, 4, 2, 5, 7, 1, 6, 3, 5, 0, 3, 1, 4, 7, 2, 0, 4
26. 0, 2, 4, 7, 2, 5, 3, 0, 4, 1, 6, 3, 1, 7, 5, 0, 6, 4
27. 0, 4, 2, 5, 7, 4, 1, 7, 2, 0, 3, 1, 6, 3, 5, 0, 6, 4
28. 0, 2, 7, 1, 6, 4, 7, 5, 2, 4, 1, 3, 0, 5, 3, 6, 0, 4
29. 0, 5, 3, 6, 0, 4, 1, 6, 4, 7, 2, 5, 7, 1, 3, 0, 2, 4
30. 0, 4, 1, 7, 2, 0, 6, 4, 2, 5, 3, 1, 6, 3, 0, 5, 7, 4
31. 0, 5, 3, 6, 4, 7, 2, 5, 7, 1, 3, 0, 6, 1, 4, 2, 0, 4
32. 0, 3, 1, 6, 4, 2, 0, 6, 3, 5, 7, 4, 1, 7, 2, 5, 0, 4
33. 0, 3, 6, 1, 3, 5, 0, 6, 4, 1, 7, 4, 2, 7, 5, 2, 0, 4
34. 0, 3, 5, 0, 4, 2, 7, 5, 2, 0, 6, 3, 1, 4, 7, 1, 6, 4
35. 0, 6, 3, 1, 7, 2, 5, 0, 4, 2, 0, 3, 5, 7, 4, 1, 6, 4
36. 0, 3, 6, 0, 4, 7, 1, 4, 2, 0, 5, 2, 7, 5, 3, 1, 6, 4
37. 0, 3, 6, 4, 1, 3, 5, 0, 6, 1, 7, 2, 5, 7, 4, 2, 0, 4
38. 0, 6, 4, 1, 6, 3, 1, 7, 2, 0, 4, 2, 5, 3, 0, 5, 7, 4
39. 0, 4, 1, 6, 3, 1, 7, 4, 6, 0, 5, 2, 7, 5, 3, 0, 2, 4
40. 0, 5, 7, 2, 0, 4, 2, 5, 3, 0, 6, 3, 1, 4, 7, 1, 6, 4
41. 0, 5, 3, 0, 6, 1, 7, 2, 0, 4, 2, 5, 7, 4, 1, 3, 6, 4
42. 0, 4, 1, 7, 5, 3, 6, 4, 2, 5, 0, 3, 1, 6, 0, 2, 7, 4
43. 0, 3, 6, 4, 1, 3, 5, 7, 4, 2, 7, 1, 6, 0, 5, 2, 0, 4
44. 0, 6, 4, 1, 6, 3, 5, 2, 7, 5, 0, 2, 4, 7, 1, 3, 0, 4
45. 0, 4, 1, 7, 2, 4, 7, 5, 0, 2, 5, 3, 1, 6, 0, 3, 6, 4
46. 0, 3, 5, 0, 4, 2, 0, 6, 3, 1, 6, 4, 1, 7, 2, 5, 7, 4
47. 0, 4, 1, 3, 6, 0, 3, 5, 0, 2, 7, 5, 2, 4, 7, 1, 6, 4
48. 0, 5, 3, 1, 7, 4, 2, 7, 5, 2, 0, 6, 1, 4, 6, 3, 0, 4
49. 0, 4, 2, 0, 3, 6, 1, 3, 5, 7, 2, 5, 0, 6, 4, 1, 7, 4
50. 0, 4, 1, 6, 4, 2, 0, 3, 5, 7, 1, 3, 6, 0, 5, 2, 7, 4
51. 0, 3, 5, 2, 4, 7, 2, 0, 6, 4, 1, 3, 6, 1, 7, 5, 0, 4
52. 0, 4, 2, 0, 6, 3, 0, 5, 2, 7, 1, 4, 6, 1, 3, 5, 7, 4
53. 0, 2, 5, 0, 6, 3, 5, 7, 4, 1, 3, 0, 4, 2, 7, 1, 6, 4
54. 0, 5, 2, 0, 6, 3, 0, 4, 1, 3, 5, 7, 1, 6, 4, 7, 2, 4
55. 0, 3, 1, 7, 2, 0, 5, 3, 6, 4, 1, 6, 0, 4, 2, 5, 7, 4
56. 0, 5, 3, 1, 7, 5, 2, 4, 7, 2, 0, 3, 6, 1, 4, 6, 0, 4
57. 0, 3, 1, 6, 4, 7, 5, 2, 4, 1, 7, 2, 0, 6, 3, 5, 0, 4
58. 0, 3, 5, 2, 7, 5, 0, 4, 2, 0, 6, 1, 4, 7, 1, 3, 6, 4
59. 0, 4, 1, 3, 5, 2, 7, 5, 0, 2, 4, 6, 3, 0, 6, 1, 7, 4
60. 0, 2, 5, 0, 6, 4, 2, 7, 4, 1, 6, 3, 5, 7, 1, 3, 0, 4
61. 0, 5, 2, 0, 3, 6, 0, 4, 7, 1, 4, 6, 1, 3, 5, 7, 2, 4
62. 0, 5, 7, 2, 4, 7, 1, 6, 3, 5, 2, 0, 3, 1, 4, 6, 0, 4
63. 0, 2, 5, 0, 4, 6, 0, 3, 1, 4, 2, 7, 1, 6, 3, 5, 7, 4
64. 0, 3, 6, 0, 2, 4, 7, 2, 5, 0, 4, 1, 7, 5, 3, 1, 6, 4
65. 0, 3, 6, 1, 3, 5, 0, 4, 6, 0, 2, 5, 7, 1, 4, 7, 2, 4
66. 0, 3, 6, 0, 5, 2, 4, 7, 5, 3, 1, 7, 2, 0, 4, 1, 6, 4
67. 0, 4, 7, 2, 0, 3, 5, 7, 1, 3, 6, 0, 5, 2, 4, 6, 1, 4
68. 0, 3, 5, 7, 2, 5, 0, 6, 3, 1, 7, 4, 6, 1, 4, 2, 0, 4
69. 0, 4, 7, 2, 5, 7, 1, 4, 6, 3, 0, 6, 1, 3, 5, 0, 2, 4
70. 0, 3, 1, 7, 2, 0, 6, 3, 5, 0, 4, 6, 1, 4, 2, 5, 7, 4
71. 0, 5, 7, 1, 3, 6, 0, 4, 2, 0, 3, 5, 2, 7, 4, 6, 1, 4
72. 0, 6, 4, 2, 5, 3, 6, 1, 3, 0, 4, 7, 5, 0, 2, 7, 1, 4
73. 0, 5, 2, 4, 7, 1, 6, 4, 1, 3, 0, 2, 7, 5, 3, 6, 0, 4
74. 0, 2, 7, 5, 0, 4, 1, 3, 0, 6, 3, 5, 2, 4, 6, 1, 7, 4
75. 0, 5, 3, 6, 4, 1, 7, 4, 2, 7, 5, 2, 0, 6, 1, 3, 0, 4
76. 0, 6, 3, 1, 7, 2, 4, 7, 5, 0, 2, 5, 3, 0, 4, 6, 1, 4
77. 0, 3, 1, 4, 2, 7, 1, 6, 0, 4, 7, 5, 2, 0, 5, 3, 6, 4
78. 0, 4, 1, 3, 6, 1, 7, 4, 6, 0, 2, 5, 3, 0, 5, 7, 2, 4
79. 0, 4, 1, 7, 4, 2, 0, 5, 7, 2, 5, 3, 0, 6, 3, 1, 6, 4
80. 0, 6, 3, 0, 4, 2, 5, 3, 1, 4, 6, 1, 7, 5, 0, 2, 7, 4
81. 0, 5, 7, 4, 6, 1, 3, 0, 6, 3, 5, 2, 4, 1, 7, 2, 0, 4
82. 0, 3, 1, 6, 3, 5, 2, 0, 5, 7, 1, 4, 2, 7, 4, 6, 0, 4
83. 0, 3, 5, 0, 4, 7, 2, 4, 1, 3, 6, 1, 7, 5, 2, 0, 6, 4
84. 0, 3, 5, 0, 6, 1, 3, 6, 4, 1, 7, 2, 5, 7, 4, 2, 0, 4
85. 0, 5, 3, 1, 7, 2, 5, 7, 4, 2, 0, 6, 3, 0, 4, 6, 1, 4
86. 0, 6, 3, 5, 0, 3, 1, 4, 7, 2, 0, 4, 6, 1, 7, 5, 2, 4
87. 0, 4, 1, 7, 5, 0, 6, 3, 0, 2, 7, 4, 6, 1, 3, 5, 2, 4
88. 0, 4, 6, 3, 0, 5, 2, 7, 5, 3, 1, 6, 0, 2, 4, 7, 1, 4
89. 0, 5, 3, 1, 6, 3, 0, 4, 1, 7, 4, 6, 0, 2, 7, 5, 2, 4
90. 0, 2, 7, 1, 6, 0, 3, 5, 2, 4, 7, 5, 0, 4, 6, 3, 1, 4
91. 0, 4, 6, 3, 0, 2, 4, 1, 6, 0, 5, 3, 1, 7, 2, 5, 7, 4
92. 0, 4, 2, 5, 7, 4, 1, 3, 6, 1, 7, 2, 0, 3, 5, 0, 6, 4
93. 0, 2, 4, 7, 5, 3, 6, 0, 5, 2, 7, 1, 6, 4, 1, 3, 0, 4
94. 0, 6, 4, 2, 5, 3, 1, 6, 3, 0, 5, 7, 4, 1, 7, 2, 0, 4
95. 0, 4, 7, 2, 5, 0, 2, 4, 1, 6, 3, 1, 7, 5, 3, 0, 6, 4
96. 0, 6, 3, 5, 2, 7, 4, 6, 1, 4, 2, 0, 5, 7, 1, 3, 0, 4
97. 0, 6, 4, 2, 5, 7, 1, 6, 3, 1, 4, 7, 2, 0, 3, 5, 0, 4
98. 0, 3, 1, 4, 6, 1, 7, 5, 2, 0, 5, 3, 6, 0, 4, 2, 7, 4
99. 0, 3, 5, 7, 1, 3, 6, 4, 1, 6, 0, 4, 7, 2, 0, 5, 2, 4
100. 0, 2, 7, 5, 2, 4, 6, 1, 3, 6, 0, 3, 5, 0, 4, 1, 7, 4
101. 0, 5, 3, 0, 6, 1, 7, 2, 4, 1, 3, 6, 4, 7, 5, 2, 0, 4
102. 0, 4, 2, 7, 5, 2, 0, 3, 5, 0, 6, 1, 3, 6, 4, 7, 1, 4
103. 0, 2, 7, 5, 0, 4, 6, 1, 3, 6, 0, 3, 5, 2, 4, 7, 1, 4
104. 0, 4, 7, 5, 0, 2, 5, 3, 0, 6, 1, 4, 6, 3, 1, 7, 2, 4
105. 0, 4, 6, 3, 0, 5, 3, 1, 7, 2, 5, 7, 4, 2, 0, 6, 1, 4
106. 0, 4, 2, 7, 1, 4, 7, 5, 2, 0, 3, 1, 6, 3, 5, 0, 6, 4
107. 0, 5, 3, 6, 0, 4, 6, 1, 4, 7, 1, 3, 0, 2, 7, 5, 2, 4
108. 0, 3, 6, 4, 1, 7, 5, 3, 1, 6, 0, 2, 4, 7, 2, 5, 0, 4
109. 0, 6, 1, 3, 5, 0, 2, 7, 4, 6, 3, 0, 4, 2, 5, 7, 1, 4
110. 0, 3, 5, 0, 2, 4, 7, 5, 2, 7, 1, 6, 0, 4, 1, 3, 6, 4
111. 0, 2, 5, 3, 1, 7, 4, 6, 0, 4, 1, 6, 3, 0, 5, 7, 2, 4
112. 0, 3, 1, 4, 6, 1, 7, 4, 2, 7, 5, 0, 6, 3, 5, 2, 0, 4
113. 0, 5, 2, 4, 1, 3, 5, 7, 4, 6, 1, 7, 2, 0, 3, 6, 0, 4
114. 0, 5, 3, 0, 4, 7, 2, 4, 6, 3, 1, 6, 0, 2, 5, 7, 1, 4
115. 0, 6, 3, 0, 4, 2, 0, 5, 2, 7, 1, 3, 5, 7, 4, 6, 1, 4
116. 0, 4, 1, 3, 0, 2, 4, 6, 3, 5, 0, 6, 1, 7, 2, 5, 7, 4
117. 0, 3, 1, 7, 5, 2, 0, 5, 3, 6, 0, 4, 6, 1, 4, 7, 2, 4
118. 0, 5, 7, 2, 4, 7, 1, 6, 3, 5, 2, 0, 6, 4, 1, 3, 0, 4
119. 0, 3, 1, 4, 2, 5, 3, 6, 1, 7, 4, 6, 0, 2, 7, 5, 0, 4
120. 0, 5, 2, 7, 1, 4, 7, 5, 3, 0, 4, 2, 0, 6, 1, 3, 6, 4
121. 0, 3, 1, 4, 7, 5, 2, 0, 4, 2, 7, 1, 6, 0, 5, 3, 6, 4
122. 0, 4, 7, 5, 3, 6, 1, 3, 0, 6, 4, 2, 5, 0, 2, 7, 1, 4
123. 0, 6, 3, 5, 0, 2, 5, 7, 4, 1, 7, 2, 4, 6, 1, 3, 0, 4
124. 0, 5, 3, 0, 4, 1, 6, 0, 2, 4, 7, 5, 2, 7, 1, 3, 6, 4
125. 0, 2, 7, 5, 0, 6, 3, 0, 4, 6, 1, 3, 5, 2, 4, 1, 7, 4
126. 0, 5, 2, 0, 6, 3, 0, 4, 6, 1, 4, 2, 7, 5, 3, 1, 7, 4
127. 0, 6, 3, 5, 7, 1, 3, 0, 2, 7, 4, 2, 5, 0, 4, 1, 6, 4
128. 0, 6, 3, 5, 0, 4, 2, 0, 3, 1, 4, 7, 5, 2, 7, 1, 6, 4
129. 0, 5, 2, 0, 4, 6, 0, 3, 5, 7, 2, 4, 1, 3, 6, 1, 7, 4
130. 0, 4, 2, 5, 0, 2, 7, 4, 6, 1, 3, 0, 6, 3, 5, 7, 1, 4
131. 0, 3, 6, 1, 7, 4, 6, 0, 4, 2, 7, 5, 2, 0, 5, 3, 1, 4
132. 0, 2, 4, 6, 1, 7, 5, 3, 6, 0, 5, 2, 7, 4, 1, 3, 0, 4
133. 0, 2, 7, 1, 6, 4, 7, 5, 2, 4, 1, 3, 6, 0, 3, 5, 0, 4
134. 0, 5, 3, 1, 4, 7, 5, 2, 0, 6, 3, 0, 4, 2, 7, 1, 6, 4
135. 0, 5, 2, 0, 3, 6, 0, 4, 1, 7, 4, 6, 1, 3, 5, 7, 2, 4
136. 0, 3, 6, 0, 5, 7, 1, 3, 5, 2, 7, 4, 1, 6, 4, 2, 0, 4
137. 0, 2, 5, 3, 6, 0, 3, 1, 7, 5, 0, 4, 1, 6, 4, 2, 7, 4
138. 0, 5, 7, 1, 4, 7, 2, 5, 3, 1, 6, 4, 2, 0, 6, 3, 0, 4
139. 0, 6, 3, 0, 5, 2, 4, 6, 1, 4, 7, 1, 3, 5, 7, 2, 0, 4
140. 0, 4, 2, 5, 3, 1, 6, 0, 3, 6, 4, 7, 2, 0, 5, 7, 1, 4
141. 0, 3, 5, 7, 2, 5, 0, 4, 2, 0, 6, 4, 1, 3, 6, 1, 7, 4
142. 0, 6, 3, 0, 2, 5, 7, 2, 4, 1, 3, 5, 0, 4, 7, 1, 6, 4
143. 0, 6, 1, 3, 5, 2, 7, 4, 1, 7, 5, 0, 4, 6, 3, 0, 2, 4
144. 0, 3, 6, 0, 5, 2, 0, 4, 6, 1, 3, 5, 7, 4, 1, 7, 2, 4
145. 0, 2, 5, 3, 0, 4, 6, 1, 7, 5, 0, 6, 3, 1, 4, 7, 2, 4
146. 0, 3, 1, 4, 6, 3, 5, 0, 6, 1, 7, 5, 2, 7, 4, 2, 0, 4
147. 0, 6, 4, 7, 2, 0, 4, 2, 5, 0, 3, 6, 1, 3, 5, 7, 1, 4
148. 0, 4, 1, 6, 4, 2, 5, 3, 0, 2, 7, 1, 3, 6, 0, 5, 7, 4
149. 0, 4, 6, 3, 0, 2, 4, 1, 3, 5, 2, 7, 1, 6, 0, 5, 7, 4
150. 0, 3, 6, 0, 5, 7, 1, 6, 4, 1, 3, 5, 2, 0, 4, 7, 2, 4
151. 0, 6, 3, 0, 4, 2, 7, 1, 3, 5, 0, 2, 5, 7, 4, 6, 1, 4
152. 0, 4, 6, 1, 4, 7, 1, 3, 5, 2, 7, 5, 0, 3, 6, 0, 2, 4
153. 0, 4, 6, 0, 5, 2, 0, 3, 6, 1, 3, 5, 7, 2, 4, 1, 7, 4
154. 0, 3, 5, 7, 2, 5, 0, 6, 1, 7, 4, 1, 3, 6, 4, 2, 0, 4
155. 0, 2, 4, 7, 2, 5, 3, 6, 4, 1, 6, 0, 5, 7, 1, 3, 0, 4
156. 0, 6, 4, 7, 2, 0, 3, 6, 1, 7, 5, 0, 4, 1, 3, 5, 2, 4
157. 0, 4, 1, 6, 4, 7, 1, 3, 5, 7, 2, 5, 0, 6, 3, 0, 2, 4
158. 0, 6, 3, 0, 4, 6, 1, 7, 4, 1, 3, 5, 0, 2, 7, 5, 2, 4
159. 0, 4, 6, 0, 2, 7, 5, 3, 1, 7, 4, 1, 6, 3, 0, 5, 2, 4
160. 0, 6, 3, 0, 5, 7, 1, 3, 5, 2, 7, 4, 1, 6, 4, 2, 0, 4
161. 0, 6, 3, 1, 7, 5, 2, 4, 7, 2, 0, 3, 5, 0, 4, 6, 1, 4
162. 0, 2, 7, 5, 0, 4, 2, 5, 3, 0, 6, 4, 7, 1, 3, 6, 1, 4
163. 0, 6, 3, 0, 5, 7, 2, 4, 1, 7, 4, 6, 1, 3, 5, 2, 0, 4
164. 0, 3, 5, 7, 4, 6, 1, 3, 6, 0, 5, 2, 4, 1, 7, 2, 0, 4
165. 0, 2, 5, 3, 0, 5, 7, 2, 4, 7, 1, 4, 6, 3, 1, 6, 0, 4
166. 0, 2, 4, 7, 2, 5, 0, 4, 1, 6, 0, 3, 1, 7, 5, 3, 6, 4
167. 0, 5, 2, 0, 3, 5, 7, 1, 3, 6, 1, 4, 7, 2, 4, 6, 0, 4
168. 0, 5, 7, 4, 2, 5, 3, 6, 1, 7, 2, 0, 6, 4, 1, 3, 0, 4
169. 0, 4, 7, 1, 4, 6, 1, 3, 0, 2, 7, 5, 0, 6, 3, 5, 2, 4
170. 0, 5, 3, 0, 6, 3, 1, 7, 4, 6, 1, 4, 2, 5, 7, 2, 0, 4
171. 0, 3, 1, 7, 2, 0, 6, 3, 5, 7, 4, 6, 1, 4, 2, 5, 0, 4
172. 0, 4, 2, 0, 6, 1, 7, 5, 0, 3, 1, 4, 7, 2, 5, 3, 6, 4
173. 0, 3, 5, 7, 4, 1, 6, 4, 2, 7, 1, 3, 6, 0, 2, 5, 0, 4
174. 0, 2, 7, 5, 0, 6, 3, 1, 7, 4, 2, 5, 3, 0, 4, 6, 1, 4
175. 0, 3, 6, 0, 2, 7, 4, 2, 5, 0, 4, 6, 1, 7, 5, 3, 1, 4
176. 0, 2, 7, 5, 3, 1, 4, 2, 5, 0, 3, 6, 1, 7, 4, 6, 0, 4
177. 0, 6, 1, 3, 0, 5, 7, 2, 4, 6, 3, 5, 2, 0, 4, 7, 1, 4
178. 0, 2, 5, 7, 1, 3, 6, 4, 7, 2, 4, 1, 6, 0, 5, 3, 0, 4
179. 0, 4, 1, 7, 5, 2, 4, 6, 1, 3, 6, 0, 3, 5, 0, 2, 7, 4
180. 0, 6, 4, 1, 3, 6, 1, 7, 5, 2, 0, 3, 5, 0, 4, 2, 7, 4
181. 0, 6, 3, 0, 5, 7, 1, 3, 5, 2, 0, 4, 2, 7, 4, 6, 1, 4
182. 0, 3, 5, 2, 4, 1, 6, 0, 2, 7, 4, 6, 3, 1, 7, 5, 0, 4
183. 0, 4, 1, 7, 5, 3, 0, 6, 1, 3, 6, 4, 2, 0, 5, 2, 7, 4
184. 0, 5, 2, 7, 5, 3, 0, 2, 4, 1, 6, 0, 4, 7, 1, 3, 6, 4
185. 0, 6, 1, 4, 2, 7, 4, 6, 3, 1, 7, 5, 0, 2, 5, 3, 0, 4
186. 0, 5, 3, 0, 4, 6, 0, 2, 7, 1, 6, 3, 1, 4, 2, 5, 7, 4
187. 0, 2, 7, 4, 6, 1, 4, 2, 5, 0, 6, 3, 5, 7, 1, 3, 0, 4
188. 0, 6, 1, 7, 5, 0, 2, 5, 3, 0, 4, 7, 2, 4, 6, 3, 1, 4
189. 0, 2, 7, 1, 6, 0, 3, 5, 0, 4, 6, 3, 1, 4, 2, 5, 7, 4
190. 0, 6, 3, 1, 4, 6, 1, 7, 2, 0, 5, 3, 0, 4, 7, 5, 2, 4
191. 0, 2, 5, 7, 4, 2, 7, 1, 6, 4, 1, 3, 6, 0, 3, 5, 0, 4
192. 0, 5, 3, 0, 4, 7, 2, 5, 7, 1, 3, 6, 1, 4, 6, 0, 2, 4
193. 0, 2, 4, 1, 7, 2, 5, 3, 6, 0, 4, 6, 1, 3, 0, 5, 7, 4
194. 0, 4, 6, 1, 4, 2, 5, 3, 1, 7, 2, 0, 3, 6, 0, 5, 7, 4
195. 0, 6, 4, 1, 7, 2, 4, 7, 5, 0, 2, 5, 3, 1, 6, 3, 0, 4
196. 0, 6, 3, 0, 2, 7, 1, 6, 4, 2, 5, 0, 4, 7, 5, 3, 1, 4
197. 0, 3, 5, 0, 4, 6, 0, 2, 5, 7, 1, 6, 3, 1, 4, 7, 2, 4
198. 0, 5, 3, 0, 6, 4, 2, 7, 4, 1, 6, 3, 1, 7, 5, 2, 0, 4
199. 0, 4, 6, 3, 1, 6, 0, 5, 3, 0, 2, 7, 1, 4, 7, 5, 2, 4
200. 0, 4, 6, 3, 1, 6, 0, 3, 5, 7, 2, 0, 5, 2, 4, 1, 7, 4
201. 0, 4, 1, 6, 0, 3, 1, 7, 4, 2, 0, 5, 2, 7, 5, 3, 6, 4
202. 0, 6, 1, 3, 6, 4, 2, 5, 7, 1, 4, 7, 2, 0, 3, 5, 0, 4
203. 0, 2, 5, 0, 6, 1, 3, 5, 7, 2, 4, 1, 7, 4, 6, 3, 0, 4
204. 0, 6, 3, 0, 4, 6, 1, 4, 7, 2, 0, 5, 7, 1, 3, 5, 2, 4
205. 0, 4, 7, 1, 4, 2, 0, 5, 7, 2, 5, 3, 1, 6, 0, 3, 6, 4
206. 0, 6, 4, 1, 3, 0, 4, 7, 2, 5, 7, 1, 6, 3, 5, 0, 2, 4
207. 0, 4, 1, 3, 0, 5, 2, 4, 7, 1, 6, 3, 5, 7, 2, 0, 6, 4
208. 0, 4, 1, 7, 4, 2, 7, 5, 0, 6, 1, 3, 5, 2, 0, 3, 6, 4
209. 0, 2, 5, 0, 3, 5, 7, 2, 4, 1, 3, 6, 1, 7, 4, 6, 0, 4
210. 0, 2, 7, 1, 6, 0, 5, 3, 0, 4, 6, 3, 1, 4, 7, 5, 2, 4
211. 0, 4, 7, 2, 5, 7, 1, 4, 2, 0, 5, 3, 1, 6, 3, 0, 6, 4
212. 0, 5, 2, 4, 1, 7, 2, 0, 4, 6, 3, 0, 6, 1, 3, 5, 7, 4
213. 0, 6, 4, 1, 7, 4, 2, 7, 5, 2, 0, 5, 3, 6, 1, 3, 0, 4
214. 0, 3, 1, 7, 5, 3, 6, 0, 2, 4, 6, 1, 4, 7, 2, 5, 0, 4
215. 0, 5, 2, 4, 1, 3, 5, 7, 1, 6, 0, 4, 6, 3, 0, 2, 7, 4
216. 0, 5, 7, 4, 2, 7, 1, 4, 6, 1, 3, 0, 2, 5, 3, 6, 0, 4
217. 0, 3, 6, 0, 2, 4, 1, 3, 5, 0, 4, 6, 1, 7, 2, 5, 7, 4
218. 0, 4, 2, 5, 0, 6, 3, 0, 2, 7, 1, 4, 6, 1, 3, 5, 7, 4
219. 0, 4, 6, 1, 7, 5, 0, 6, 3, 0, 2, 5, 3, 1, 4, 7, 2, 4
220. 0, 4, 1, 7, 5, 0, 6, 3, 1, 6, 4, 2, 0, 3, 5, 2, 7, 4
221. 0, 2, 7, 5, 2, 4, 6, 0, 3, 5, 0, 4, 7, 1, 6, 3, 1, 4
222. 0, 3, 6, 0, 2, 5, 0, 4, 1, 7, 5, 3, 1, 6, 4, 7, 2, 4
223. 0, 2, 4, 1, 7, 5, 3, 1, 6, 3, 0, 5, 2, 7, 4, 6, 0, 4
224. 0, 6, 3, 0, 5, 3, 1, 4, 6, 1, 7, 2, 0, 4, 7, 5, 2, 4
225. 0, 3, 6, 1, 3, 5, 7, 1, 4, 6, 0, 4, 7, 2, 0, 5, 2, 4
226. 0, 6, 3, 1, 6, 4, 2, 0, 4, 7, 2, 5, 3, 0, 5, 7, 1, 4
227. 0, 4, 1, 6, 3, 1, 7, 5, 3, 0, 6, 4, 7, 2, 5, 0, 2, 4
228. 0, 3, 1, 6, 4, 1, 7, 2, 0, 4, 2, 5, 0, 6, 3, 5, 7, 4
229. 0, 2, 5, 7, 1, 4, 6, 0, 3, 1, 6, 3, 5, 0, 4, 7, 2, 4
230. 0, 5, 7, 4, 2, 5, 3, 6, 4, 1, 6, 0, 3, 1, 7, 2, 0, 4
231. 0, 6, 3, 1, 6, 4, 7, 1, 4, 2, 5, 7, 2, 0, 3, 5, 0, 4
232. 0, 6, 3, 5, 2, 0, 3, 1, 7, 2, 4, 6, 1, 4, 7, 5, 0, 4
233. 0, 6, 4, 1, 3, 6, 1, 7, 4, 2, 7, 5, 2, 0, 3, 5, 0, 4
234. 0, 4, 6, 3, 5, 2, 0, 6, 1, 3, 0, 5, 7, 4, 2, 7, 1, 4
235. 0, 6, 1, 7, 4, 2, 5, 7, 2, 0, 5, 3, 0, 4, 1, 3, 6, 4
236. 0, 2, 4, 6, 0, 3, 5, 2, 7, 1, 6, 3, 1, 4, 7, 5, 0, 4
237. 0, 6, 1, 4, 2, 0, 5, 7, 1, 3, 0, 4, 7, 2, 5, 3, 6, 4
238. 0, 5, 3, 0, 2, 7, 4, 2, 5, 7, 1, 3, 6, 0, 4, 6, 1, 4
239. 0, 2, 5, 0, 3, 1, 6, 0, 4, 7, 1, 4, 2, 7, 5, 3, 6, 4
240. 0, 5, 7, 2, 5, 3, 1, 4, 6, 1, 7, 4, 2, 0, 6, 3, 0, 4
241. 0, 4, 2, 7, 1, 3, 0, 2, 5, 3, 6, 4, 1, 6, 0, 5, 7, 4
242. 0, 2, 5, 0, 4, 1, 6, 0, 3, 6, 4, 7, 5, 3, 1, 7, 2, 4
243. 0, 2, 4, 1, 3, 6, 1, 7, 5, 2, 7, 4, 6, 0, 5, 3, 0, 4
244. 0, 5, 7, 4, 2, 7, 1, 6, 0, 4, 1, 3, 5, 2, 0, 3, 6, 4
245. 0, 5, 2, 0, 6, 1, 7, 2, 4, 6, 3, 1, 4, 7, 5, 3, 0, 4
246. 0, 2, 7, 5, 0, 3, 6, 0, 4, 1, 6, 4, 7, 1, 3, 5, 2, 4
247. 0, 5, 7, 2, 4, 7, 1, 4, 6, 3, 0, 2, 5, 3, 1, 6, 0, 4
248. 0, 3, 5, 2, 0, 4, 1, 3, 6, 1, 7, 2, 4, 6, 0, 5, 7, 4
249. 0, 6, 1, 4, 7, 1, 3, 0, 2, 5, 0, 4, 2, 7, 5, 3, 6, 4
250. 0, 3, 5, 7, 2, 0, 4, 6, 3, 1, 4, 7, 1, 6, 0, 5, 2, 4
251. 0, 6, 3, 0, 2, 4, 1, 7, 5, 2, 7, 4, 6, 1, 3, 5, 0, 4
252. 0, 3, 6, 4, 2, 5, 7, 2, 0, 4, 7, 1, 6, 0, 5, 3, 1, 4
253. 0, 6, 4, 7, 1, 3, 0, 5, 7, 2, 0, 4, 2, 5, 3, 6, 1, 4
254. 0, 3, 6, 0, 4, 7, 1, 6, 4, 2, 7, 5, 0, 2, 5, 3, 1, 4
255. 0, 4, 1, 6, 0, 2, 5, 3, 0, 5, 7, 2, 4, 7, 1, 3, 6, 4
256. 0, 6, 3, 5, 7, 4, 6, 1, 3, 0, 2, 7, 1, 4, 2, 5, 0, 4
257. 0, 5, 3, 0, 4, 7, 2, 4, 1, 3, 6, 1, 7, 5, 2, 0, 6, 4
258. 0, 3, 6, 1, 7, 2, 5, 3, 1, 4, 7, 5, 0, 6, 4, 2, 0, 4
259. 0, 4, 2, 7, 4, 1, 6, 3, 5, 0, 3, 1, 7, 5, 2, 0, 6, 4
260. 0, 3, 5, 0, 2, 5, 7, 4, 6, 0, 4, 2, 7, 1, 6, 3, 1, 4
261. 0, 3, 6, 0, 2, 5, 0, 4, 7, 2, 4, 6, 1, 3, 5, 7, 1, 4
262. 0, 4, 1, 7, 5, 0, 3, 5, 2, 4, 6, 3, 1, 6, 0, 2, 7, 4
263. 0, 5, 3, 1, 6, 3, 0, 4, 2, 7, 4, 6, 0, 2, 5, 7, 1, 4
264. 0, 2, 4, 6, 0, 3, 1, 6, 3, 5, 0, 4, 1, 7, 2, 5, 7, 4
265. 0, 4, 1, 7, 5, 0, 3, 1, 6, 0, 2, 7, 4, 6, 3, 5, 2, 4
266. 0, 5, 3, 0, 6, 4, 2, 0, 4, 7, 5, 2, 7, 1, 3, 6, 1, 4
267. 0, 4, 7, 2, 5, 0, 2, 4, 1, 6, 0, 3, 1, 7, 5, 3, 6, 4
268. 0, 4, 1, 6, 4, 2, 0, 5, 2, 7, 1, 3, 6, 0, 3, 5, 7, 4
269. 0, 3, 1, 4, 6, 3, 5, 7, 1, 6, 0, 5, 2, 0, 4, 2, 7, 4
270. 0, 2, 4, 6, 1, 3, 5, 2, 7, 5, 0, 6, 3, 0, 4, 7, 1, 4
271. 0, 3, 6, 0, 4, 1, 6, 4, 2, 5, 3, 1, 7, 5, 0, 2, 7, 4
272. 0, 3, 1, 7, 2, 0, 5, 2, 4, 6, 0, 4, 1, 6, 3, 5, 7, 4
273. 0, 4, 6, 3, 0, 2, 7, 1, 3, 5, 7, 4, 2, 5, 0, 6, 1, 4
274. 0, 4, 1, 7, 4, 6, 1, 3, 0, 5, 3, 6, 0, 2, 7, 5, 2, 4
275. 0, 6, 1, 4, 6, 3, 0, 5, 3, 1, 7, 5, 2, 4, 7, 2, 0, 4
276. 0, 6, 4, 7, 1, 6, 3, 0, 5, 7, 2, 5, 3, 1, 4, 2, 0, 4
277. 0, 5, 7, 4, 6, 3, 5, 2, 4, 1, 3, 0, 2, 7, 1, 6, 0, 4
278. 0, 5, 7, 1, 6, 4, 2, 5, 3, 6, 0, 3, 1, 4, 7, 2, 0, 4
279. 0, 5, 7, 4, 6, 3, 1, 7, 2, 0, 4, 1, 6, 0, 3, 5, 2, 4
280. 0, 3, 1, 4, 2, 5, 0, 6, 1, 7, 2, 0, 4, 6, 3, 5, 7, 4
281. 0, 5, 3, 6, 0, 3, 1, 6, 4, 2, 5, 7, 1, 4, 7, 2, 0, 4
282. 0, 6, 4, 1, 3, 0, 4, 7, 2, 0, 5, 3, 6, 1, 7, 5, 2, 4
283. 0, 6, 4, 7, 5, 0, 4, 1, 6, 3, 1, 7, 2, 5, 3, 0, 2, 4
284. 0, 6, 4, 2, 0, 3, 1, 7, 4, 1, 6, 3, 5, 7, 2, 5, 0, 4
285. 0, 5, 7, 4, 2, 5, 3, 0, 6, 1, 3, 6, 4, 1, 7, 2, 0, 4
286. 0, 3, 1, 4, 2, 0, 6, 3, 5, 2, 7, 5, 0, 4, 6, 1, 7, 4
287. 0, 4, 1, 7, 4, 6, 0, 3, 6, 1, 3, 5, 0, 2, 7, 5, 2, 4
288. 0, 5, 2, 7, 5, 3, 6, 1, 7, 4, 2, 0, 4, 1, 3, 0, 6, 4
289. 0, 3, 5, 7, 2, 4, 1, 6, 0, 5, 2, 0, 4, 6, 3, 1, 7, 4
290. 0, 5, 7, 2, 5, 3, 6, 0, 3, 1, 4, 6, 1, 7, 4, 2, 0, 4
291. 0, 3, 5, 7, 4, 1, 3, 6, 0, 5, 2, 0, 4, 2, 7, 1, 6, 4
292. 0, 3, 5, 0, 2, 7, 4, 2, 5, 7, 1, 4, 6, 1, 3, 6, 0, 4
293. 0, 3, 5, 2, 4, 7, 2, 0, 5, 7, 1, 4, 6, 3, 1, 6, 0, 4
294. 0, 4, 1, 3, 6, 1, 7, 2, 5, 3, 0, 6, 4, 2, 0, 5, 7, 4
295. 0, 2, 5, 0, 3, 5, 7, 2, 4, 6, 0, 4, 1, 6, 3, 1, 7, 4
296. 0, 3, 5, 2, 7, 4, 2, 0, 5, 7, 1, 3, 6, 0, 4, 1, 6, 4
297. 0, 2, 5, 0, 3, 6, 4, 2, 7, 4, 1, 3, 5, 7, 1, 6, 0, 4
298. 0, 4, 6, 1, 3, 5, 2, 4, 1, 7, 2, 0, 3, 6, 0, 5, 7, 4
299. 0, 4, 1, 6, 0, 5, 3, 1, 7, 4, 6, 3, 0, 2, 7, 5, 2, 4
300. 0, 3, 6, 4, 7, 1, 4, 2, 5, 7, 2, 0, 6, 1, 3, 5, 0, 4
301. 0, 4, 2, 5, 7, 4, 6, 3, 0, 5, 3, 1, 6, 0, 2, 7, 1, 4
302. 0, 2, 7, 4, 1, 6, 0, 3, 5, 2, 4, 6, 3, 1, 7, 5, 0, 4
303. 0, 4, 6, 3, 0, 5, 3, 1, 7, 2, 0, 6, 1, 4, 2, 5, 7, 4
304. 0, 4, 7, 5, 2, 4, 1, 3, 5, 0, 3, 6, 1, 7, 2, 0, 6, 4
305. 0, 2, 4, 6, 1, 3, 6, 0, 4, 7, 5, 3, 0, 5, 2, 7, 1, 4
306. 0, 5, 2, 4, 7, 5, 3, 0, 6, 3, 1, 7, 2, 0, 4, 6, 1, 4
307. 0, 2, 5, 7, 1, 6, 3, 5, 0, 6, 4, 7, 2, 4, 1, 3, 0, 4
308. 0, 2, 4, 7, 2, 5, 0, 4, 1, 3, 0, 6, 3, 5, 7, 1, 6, 4
309. 0, 2, 4, 1, 3, 6, 0, 3, 5, 7, 1, 6, 4, 7, 2, 5, 0, 4
310. 0, 6, 3, 5, 2, 7, 4, 2, 0, 4, 6, 1, 7, 5, 0, 3, 1, 4
311. 0, 5, 3, 0, 2, 5, 7, 1, 6, 0, 4, 6, 3, 1, 4, 2, 7, 4
312. 0, 3, 6, 0, 2, 7, 5, 0, 4, 6, 1, 7, 4, 1, 3, 5, 2, 4
313. 0, 3, 5, 7, 2, 0, 4, 1, 3, 6, 0, 5, 2, 4, 7, 1, 6, 4
314. 0, 2, 5, 7, 2, 4, 7, 1, 3, 5, 0, 3, 6, 4, 1, 6, 0, 4
315. 0, 6, 3, 1, 6, 4, 7, 1, 4, 2, 7, 5, 3, 0, 2, 5, 0, 4
316. 0, 3, 6, 0, 4, 2, 0, 5, 7, 2, 5, 3, 1, 7, 4, 1, 6, 4
317. 0, 5, 2, 0, 3, 5, 7, 1, 3, 6, 0, 4, 2, 7, 4, 6, 1, 4
318. 0, 3, 5, 2, 7, 4, 6, 0, 4, 1, 3, 6, 1, 7, 5, 0, 2, 4
319. 0, 5, 2, 7, 4, 6, 1, 7, 5, 3, 0, 6, 3, 1, 4, 2, 0, 4
320. 0, 2, 5, 0, 3, 5, 7, 4, 1, 3, 6, 1, 7, 2, 4, 6, 0, 4
321. 0, 2, 4, 1, 6, 4, 7, 5, 0, 3, 1, 7, 2, 5, 3, 6, 0, 4
322. 0, 5, 7, 1, 3, 6, 0, 3, 5, 2, 0, 4, 1, 6, 4, 2, 7, 4
323. 0, 4, 6, 3, 5, 2, 7, 1, 6, 0, 2, 4, 1, 3, 0, 5, 7, 4
324. 0, 3, 6, 1, 7, 5, 0, 2, 5, 3, 1, 4, 7, 2, 4, 6, 0, 4
325. 0, 6, 3, 1, 6, 4, 7, 2, 5, 7, 1, 4, 2, 0, 5, 3, 0, 4
326. 0, 4, 1, 7, 2, 0, 5, 2, 4, 7, 5, 3, 1, 6, 0, 3, 6, 4
327. 0, 6, 3, 1, 7, 5, 3, 0, 4, 7, 2, 0, 5, 2, 4, 1, 6, 4
328. 0, 2, 5, 0, 6, 3, 5, 7, 4, 2, 7, 1, 3, 0, 4, 6, 1, 4
329. 0, 6, 3, 0, 2, 7, 5, 3, 1, 7, 4, 1, 6, 4, 2, 5, 0, 4
330. 0, 2, 5, 7, 2, 4, 6, 3, 0, 5, 3, 1, 7, 4, 1, 6, 0, 4
331. 0, 5, 2, 7, 4, 2, 0, 4, 1, 3, 5, 7, 1, 6, 3, 0, 6, 4
332. 0, 3, 6, 0, 5, 7, 1, 3, 5, 2, 4, 1, 6, 4, 7, 2, 0, 4
333. 0, 5, 2, 7, 4, 2, 0, 4, 6, 3, 5, 7, 1, 6, 0, 3, 1, 4
334. 0, 6, 4, 7, 1, 3, 6, 1, 4, 2, 5, 7, 2, 0, 5, 3, 0, 4
335. 0, 2, 5, 3, 1, 7, 2, 4, 6, 1, 4, 7, 5, 0, 6, 3, 0, 4
336. 0, 4, 2, 7, 4, 6, 0, 3, 1, 7, 5, 2, 0, 5, 3, 6, 1, 4
337. 0, 6, 1, 3, 0, 2, 4, 6, 3, 5, 0, 4, 7, 5, 2, 7, 1, 4
338. 0, 4, 2, 7, 5, 0, 6, 1, 3, 5, 2, 0, 3, 6, 4, 1, 7, 4
339. 0, 2, 5, 7, 2, 4, 6, 1, 4, 7, 1, 3, 0, 6, 3, 5, 0, 4
340. 0, 3, 1, 4, 7, 5, 3, 6, 1, 7, 2, 5, 0, 2, 4, 6, 0, 4
341. 0, 3, 1, 6, 4, 7, 5, 2, 0, 5, 3, 6, 0, 4, 1, 7, 2, 4
342. 0, 5, 7, 1, 6, 0, 4, 1, 3, 6, 4, 2, 0, 3, 5, 2, 7, 4
343. 0, 5, 3, 0, 4, 7, 1, 3, 6, 1, 4, 2, 7, 5, 2, 0, 6, 4
344. 0, 6, 1, 7, 2, 5, 0, 4, 6, 3, 5, 7, 4, 1, 3, 0, 2, 4
345. 0, 3, 5, 2, 4, 7, 5, 0, 2, 7, 1, 4, 6, 1, 3, 6, 0, 4
346. 0, 6, 3, 0, 2, 7, 1, 4, 6, 1, 3, 5, 7, 4, 2, 5, 0, 4
347. 0, 5, 3, 6, 1, 4, 6, 0, 2, 5, 7, 4, 2, 7, 1, 3, 0, 4
348. 0, 3, 1, 6, 0, 2, 4, 1, 7, 2, 5, 7, 4, 6, 3, 5, 0, 4
349. 0, 6, 4, 1, 3, 0, 2, 4, 7, 1, 6, 3, 5, 2, 7, 5, 0, 4
350. 0, 5, 3, 6, 1, 7, 2, 4, 7, 5, 2, 0, 6, 4, 1, 3, 0, 4
351. 0, 5, 7, 2, 0, 4, 7, 1, 3, 0, 6, 4, 1, 6, 3, 5, 2, 4
352. 0, 4, 1, 6, 4, 7, 1, 3, 0, 5, 3, 6, 0, 2, 7, 5, 2, 4
353. 0, 5, 2, 7, 4, 2, 0, 4, 1, 7, 5, 3, 6, 1, 3, 0, 6, 4
354. 0, 4, 1, 3, 0, 2, 5, 3, 6, 1, 7, 2, 4, 7, 5, 0, 6, 4
355. 0, 3, 1, 7, 2, 4, 1, 6, 0, 2, 5, 7, 4, 6, 3, 5, 0, 4
356. 0, 4, 7, 5, 3, 1, 6, 0, 2, 5, 0, 3, 6, 4, 1, 7, 2, 4
357. 0, 3, 1, 7, 4, 1, 6, 0, 2, 4, 6, 3, 5, 7, 2, 5, 0, 4
358. 0, 2, 5, 3, 1, 4, 6, 0, 5, 7, 1, 6, 3, 0, 4, 7, 2, 4
359. 0, 2, 7, 5, 3, 1, 6, 0, 4, 1, 7, 4, 2, 5, 0, 3, 6, 4
360. 0, 3, 5, 0, 4, 7, 2, 5, 7, 1, 3, 6, 4, 2, 0, 6, 1, 4
361. 0, 4, 7, 1, 6, 0, 5, 3, 1, 4, 6, 3, 0, 2, 7, 5, 2, 4
362. 0, 2, 5, 7, 4, 1, 3, 5, 0, 6, 4, 2, 7, 1, 6, 3, 0, 4
363. 0, 5, 3, 6, 4, 2, 5, 7, 4, 1, 3, 0, 6, 1, 7, 2, 0, 4
364. 0, 6, 1, 3, 0, 5, 7, 2, 0, 4, 6, 3, 5, 2, 4, 1, 7, 4
365. 0, 2, 5, 3, 6, 0, 3, 1, 6, 4, 7, 5, 0, 4, 2, 7, 1, 4
366. 0, 2, 7, 5, 3, 0, 4, 7, 1, 3, 6, 0, 5, 2, 4, 6, 1, 4
367. 0, 6, 1, 3, 0, 4, 6, 3, 5, 0, 2, 5, 7, 2, 4, 1, 7, 4
368. 0, 4, 2, 7, 4, 6, 3, 5, 7, 1, 6, 0, 2, 5, 0, 3, 1, 4
369. 0, 3, 6, 1, 7, 4, 6, 0, 5, 3, 1, 4, 2, 7, 5, 2, 0, 4
370. 0, 3, 5, 7, 4, 2, 5, 0, 2, 7, 1, 3, 6, 0, 4, 6, 1, 4
371. 0, 4, 7, 2, 0, 6, 4, 1, 6, 3, 1, 7, 5, 0, 3, 5, 2, 4
372. 0, 5, 3, 0, 4, 7, 1, 3, 6, 1, 4, 2, 5, 7, 2, 0, 6, 4
373. 0, 4, 7, 2, 5, 7, 1, 6, 4, 2, 0, 5, 3, 6, 0, 3, 1, 4
374. 0, 3, 1, 6, 4, 2, 5, 7, 2, 0, 6, 3, 5, 0, 4, 7, 1, 4
375. 0, 3, 5, 0, 4, 7, 5, 2, 7, 1, 6, 0, 2, 4, 1, 3, 6, 4
376. 0, 4, 2, 0, 3, 5, 0, 6, 4, 1, 6, 3, 1, 7, 5, 2, 7, 4
377. 0, 6, 1, 4, 6, 3, 1, 7, 5, 0, 3, 5, 2, 4, 7, 2, 0, 4
378. 0, 2, 5, 3, 1, 4, 6, 3, 0, 5, 7, 1, 6, 0, 4, 2, 7, 4
379. 0, 6, 3, 0, 4, 1, 3, 5, 2, 4, 6, 1, 7, 5, 0, 2, 7, 4
380. 0, 6, 4, 2, 5, 0, 3, 1, 7, 2, 0, 4, 1, 6, 3, 5, 7, 4
381. 0, 5, 7, 1, 3, 0, 4, 6, 0, 2, 5, 3, 6, 1, 4, 2, 7, 4
382. 0, 6, 4, 2, 0, 5, 7, 1, 3, 6, 1, 4, 7, 2, 5, 3, 0, 4
383. 0, 2, 7, 4, 2, 5, 7, 1, 4, 6, 1, 3, 6, 0, 5, 3, 0, 4
384. 0, 5, 3, 6, 4, 2, 7, 5, 2, 0, 4, 7, 1, 3, 0, 6, 1, 4
385. 0, 2, 5, 0, 4, 2, 7, 1, 3, 5, 7, 4, 1, 6, 0, 3, 6, 4
386. 0, 2, 5, 0, 4, 2, 7, 4, 6, 0, 3, 5, 7, 1, 6, 3, 1, 4
387. 0, 5, 7, 2, 5, 3, 1, 4, 7, 1, 6, 0, 3, 6, 4, 2, 0, 4
388. 0, 3, 1, 6, 4, 2, 7, 4, 1, 7, 5, 3, 6, 0, 2, 5, 0, 4
389. 0, 5, 2, 4, 1, 7, 2, 0, 3, 1, 6, 0, 4, 6, 3, 5, 7, 4
390. 0, 4, 1, 6, 3, 5, 0, 2, 7, 1, 3, 0, 6, 4, 2, 5, 7, 4
391. 0, 4, 2, 5, 7, 1, 6, 0, 5, 3, 6, 4, 7, 2, 0, 3, 1, 4
392. 0, 3, 5, 0, 6, 3, 1, 7, 2, 0, 4, 7, 5, 2, 4, 6, 1, 4
393. 0, 5, 2, 0, 3, 1, 6, 0, 4, 6, 3, 5, 7, 4, 2, 7, 1, 4
394. 0, 3, 1, 4, 2, 7, 5, 0, 2, 5, 3, 6, 4, 7, 1, 6, 0, 4
395. 0, 4, 1, 3, 5, 7, 2, 5, 0, 2, 4, 6, 0, 3, 6, 1, 7, 4
396. 0, 4, 6, 1, 4, 2, 7, 5, 0, 3, 5, 2, 0, 6, 3, 1, 7, 4
397. 0, 4, 7, 2, 4, 6, 0, 3, 6, 1, 7, 5, 2, 0, 5, 3, 1, 4
398. 0, 3, 6, 0, 5, 3, 1, 6, 4, 7, 5, 2, 0, 4, 2, 7, 1, 4
399. 0, 4, 7, 5, 2, 0, 6, 1, 3, 5, 0, 3, 6, 4, 1, 7, 2, 4
400. 0, 4, 2, 0, 5, 2, 7, 5, 3, 0, 6, 4, 1, 6, 3, 1, 7, 4
401. 0, 2, 5, 3, 0, 4, 1, 3, 6, 0, 5, 7, 1, 6, 4, 7, 2, 4
402. 0, 4, 2, 7, 5, 3, 0, 5, 2, 0, 6, 4, 7, 1, 3, 6, 1, 4
403. 0, 4, 2, 0, 6, 1, 3, 5, 2, 7, 1, 4, 6, 3, 0, 5, 7, 4
404. 0, 2, 7, 4, 1, 6, 4, 2, 5, 0, 3, 5, 7, 1, 3, 6, 0, 4
405. 0, 4, 7, 2, 5, 7, 1, 6, 3, 5, 0, 2, 4, 1, 3, 0, 6, 4
406. 0, 5, 3, 0, 4, 2, 7, 5, 2, 0, 6, 4, 7, 1, 3, 6, 1, 4
407. 0, 4, 1, 6, 4, 7, 2, 5, 3, 0, 5, 7, 1, 3, 6, 0, 2, 4
408. 0, 3, 6, 1, 7, 4, 1, 3, 5, 7, 2, 4, 6, 0, 5, 2, 0, 4
409. 0, 5, 7, 1, 6, 0, 2, 5, 3, 0, 4, 1, 3, 6, 4, 7, 2, 4
410. 0, 5, 2, 4, 6, 0, 3, 1, 7, 5, 3, 6, 1, 4, 7, 2, 0, 4
411. 0, 4, 7, 1, 6, 4, 1, 3, 5, 2, 7, 5, 0, 3, 6, 0, 2, 4
412. 0, 4, 7, 2, 4, 6, 0, 2, 5, 0, 3, 5, 7, 1, 6, 3, 1, 4
413. 0, 4, 6, 3, 1, 6, 0, 3, 5, 2, 4, 1, 7, 2, 0, 5, 7, 4
414. 0, 2, 4, 1, 6, 4, 7, 5, 3, 1, 7, 2, 5, 0, 3, 6, 0, 4
415. 0, 5, 7, 4, 2, 5, 3, 1, 7, 2, 0, 6, 1, 4, 6, 3, 0, 4
416. 0, 2, 4, 6, 1, 7, 2, 5, 3, 6, 0, 5, 7, 4, 1, 3, 0, 4
417. 0, 4, 2, 7, 5, 3, 1, 4, 6, 0, 2, 5, 0, 3, 6, 1, 7, 4
418. 0, 4, 6, 1, 4, 7, 5, 0, 3, 5, 2, 7, 1, 3, 6, 0, 2, 4
419. 0, 6, 3, 1, 6, 4, 7, 2, 4, 1, 7, 5, 3, 0, 5, 2, 0, 4
420. 0, 5, 7, 1, 6, 4, 7, 2, 4, 1, 3, 0, 2, 5, 3, 6, 0, 4
421. 0, 3, 6, 4, 7, 1, 3, 5, 7, 2, 4, 1, 6, 0, 2, 5, 0, 4
422. 0, 5, 3, 1, 4, 2, 0, 6, 3, 0, 4, 7, 2, 5, 7, 1, 6, 4
423. 0, 4, 2, 7, 4, 6, 0, 5, 7, 1, 3, 5, 2, 0, 3, 6, 1, 4
424. 0, 4, 7, 2, 5, 0, 2, 4, 6, 1, 7, 5, 3, 6, 0, 3, 1, 4
425. 0, 6, 3, 0, 2, 7, 5, 2, 4, 6, 1, 3, 5, 0, 4, 7, 1, 4
426. 0, 5, 7, 4, 1, 7, 2, 5, 3, 1, 6, 3, 0, 4, 6, 0, 2, 4
427. 0, 5, 2, 0, 4, 2, 7, 1, 4, 6, 3, 0, 6, 1, 3, 5, 7, 4
428. 0, 2, 7, 1, 3, 5, 7, 4, 6, 3, 0, 6, 1, 4, 2, 5, 0, 4
429. 0, 3, 1, 7, 2, 4, 6, 1, 4, 7, 5, 3, 6, 0, 5, 2, 0, 4
430. 0, 5, 7, 4, 2, 7, 1, 4, 6, 1, 3, 6, 0, 3, 5, 2, 0, 4
431. 0, 5, 7, 1, 6, 3, 0, 4, 6, 0, 2, 4, 7, 2, 5, 3, 1, 4
432. 0, 3, 1, 7, 5, 0, 2, 7, 4, 2, 5, 3, 6, 4, 1, 6, 0, 4
433. 0, 5, 2, 4, 1, 6, 0, 4, 7, 2, 0, 3, 5, 7, 1, 3, 6, 4
434. 0, 2, 4, 6, 0, 4, 7, 1, 6, 3, 0, 5, 7, 2, 5, 3, 1, 4
435. 0, 4, 7, 2, 5, 0, 2, 4, 1, 3, 5, 7, 1, 6, 0, 3, 6, 4
436. 0, 3, 5, 2, 4, 7, 2, 0, 4, 1, 3, 6, 1, 7, 5, 0, 6, 4
437. 0, 2, 7, 5, 3, 6, 0, 4, 2, 5, 0, 3, 1, 6, 4, 7, 1, 4
438. 0, 6, 4, 7, 1, 3, 0, 2, 5, 0, 4, 2, 7, 5, 3, 6, 1, 4
439. 0, 4, 2, 5, 0, 3, 5, 7, 4, 6, 1, 3, 6, 0, 2, 7, 1, 4
440. 0, 6, 1, 4, 7, 2, 0, 4, 6, 3, 5, 7, 1, 3, 0, 5, 2, 4
441. 0, 6, 3, 5, 2, 7, 4, 6, 1, 3, 0, 4, 1, 7, 5, 0, 2, 4
442. 0, 4, 2, 0, 3, 5, 0, 6, 3, 1, 4, 7, 5, 2, 7, 1, 6, 4
443. 0, 4, 6, 0, 3, 6, 1, 7, 2, 4, 7, 5, 0, 2, 5, 3, 1, 4
444. 0, 5, 7, 4, 1, 7, 2, 0, 6, 4, 2, 5, 3, 6, 1, 3, 0, 4
445. 0, 4, 6, 0, 5, 7, 2, 4, 7, 1, 6, 3, 5, 2, 0, 3, 1, 4
446. 0, 3, 5, 0, 4, 1, 7, 2, 0, 6, 3, 1, 6, 4, 2, 5, 7, 4
447. 0, 4, 7, 1, 3, 0, 6, 4, 1, 6, 3, 5, 7, 2, 0, 5, 2, 4
