menor tamanho: 23

1. 0, 2, 4, 7, 3, 5, 2, 7, 5, 1, 3, 6, 0, 3, 6, 2, 5, 0, 4, 1, 6, 4, 1, 7
2. 0, 2, 7, 5, 1, 6, 3, 7, 1, 3, 6, 0, 4, 2, 5, 0, 3, 5, 1, 4, 7, 2, 6, 4
3. 0, 5, 2, 4, 0, 6, 3, 1, 6, 2, 5, 3, 6, 4, 1, 7, 2, 0, 3, 7, 5, 1, 4, 7
4. 0, 6, 4, 1, 6, 2, 4, 0, 5, 2, 7, 3, 5, 1, 3, 5, 7, 4, 1, 7, 2, 0, 3, 6
5. 0, 2, 6, 1, 5, 3, 0, 5, 1, 3, 6, 4, 0, 6, 4, 1, 7, 2, 4, 7, 2, 5, 7, 3
6. 0, 6, 3, 7, 1, 5, 3, 0, 4, 6, 2, 5, 1, 4, 2, 0, 5, 7, 3, 1, 6, 4, 7, 2
7. 0, 4, 6, 1, 4, 7, 3, 1, 5, 2, 0, 6, 3, 5, 0, 3, 5, 7, 2, 4, 6, 2, 7, 1
8. 0, 5, 3, 1, 5, 7, 2, 4, 6, 2, 5, 7, 1, 4, 2, 0, 6, 3, 7, 4, 0, 3, 6, 1
9. 0, 2, 6, 3, 7, 2, 4, 1, 5, 7, 1, 6, 3, 0, 6, 4, 0, 5, 3, 1, 4, 7, 5, 2
10. 0, 5, 7, 2, 0, 3, 5, 2, 4, 1, 6, 4, 0, 6, 2, 7, 3, 1, 7, 4, 6, 3, 1, 5
11. 0, 6, 4, 7, 1, 6, 2, 5, 7, 2, 0, 4, 7, 3, 1, 6, 3, 5, 0, 3, 5, 1, 4, 2
12. 0, 5, 2, 7, 3, 6, 4, 1, 7, 5, 3, 1, 5, 2, 0, 6, 2, 4, 1, 6, 3, 0, 4, 7
13. 0, 4, 7, 3, 6, 4, 1, 3, 0, 6, 2, 5, 1, 7, 2, 6, 1, 3, 5, 7, 4, 2, 0, 5
14. 0, 3, 5, 1, 6, 3, 7, 1, 4, 6, 2, 7, 4, 0, 2, 6, 0, 5, 2, 4, 1, 3, 7, 5
15. 0, 4, 1, 7, 5, 2, 6, 0, 3, 1, 6, 2, 4, 7, 2, 0, 5, 3, 6, 4, 7, 3, 1, 5
16. 0, 6, 1, 4, 0, 3, 7, 5, 3, 6, 4, 7, 3, 1, 5, 2, 7, 1, 5, 0, 2, 6, 4, 2
17. 0, 3, 1, 4, 0, 5, 2, 7, 5, 3, 7, 2, 0, 6, 3, 5, 1, 7, 4, 6, 1, 4, 2, 6
18. 0, 2, 4, 6, 3, 5, 2, 7, 5, 1, 3, 6, 0, 3, 7, 1, 4, 7, 1, 6, 2, 4, 0, 5
19. 0, 4, 1, 3, 5, 2, 6, 3, 1, 5, 7, 4, 2, 0, 5, 7, 3, 0, 6, 1, 7, 2, 4, 6
20. 0, 2, 5, 1, 4, 7, 3, 6, 1, 3, 6, 0, 3, 5, 1, 7, 5, 0, 4, 2, 6, 4, 7, 2
21. 0, 5, 2, 0, 3, 1, 6, 4, 1, 3, 6, 0, 4, 2, 7, 4, 6, 2, 5, 3, 7, 5, 1, 7
22. 0, 5, 2, 4, 6, 1, 7, 2, 0, 6, 3, 5, 1, 3, 6, 2, 4, 1, 5, 7, 4, 0, 3, 7
23. 0, 4, 6, 2, 7, 5, 3, 7, 1, 5, 3, 6, 1, 3, 0, 2, 5, 0, 6, 2, 4, 1, 7, 4
24. 0, 5, 2, 0, 6, 4, 1, 3, 6, 2, 4, 1, 6, 3, 0, 4, 7, 3, 5, 7, 1, 5, 2, 7
25. 0, 2, 7, 4, 1, 7, 4, 0, 3, 5, 7, 3, 5, 0, 6, 3, 1, 6, 2, 5, 1, 6, 4, 2
26. 0, 2, 4, 6, 3, 5, 2, 6, 3, 0, 5, 7, 4, 1, 5, 2, 7, 3, 1, 7, 4, 0, 6, 1
27. 0, 5, 2, 0, 4, 7, 5, 1, 6, 2, 7, 3, 1, 5, 3, 6, 0, 3, 6, 4, 2, 7, 1, 4
28. 0, 6, 4, 1, 7, 4, 6, 3, 1, 6, 2, 7, 5, 3, 1, 5, 2, 4, 0, 2, 7, 3, 0, 5
29. 0, 2, 4, 1, 3, 0, 5, 1, 6, 4, 7, 3, 5, 2, 7, 5, 1, 7, 2, 6, 4, 0, 6, 3
30. 0, 4, 6, 1, 7, 5, 3, 1, 6, 0, 3, 5, 1, 4, 7, 2, 5, 0, 2, 4, 7, 3, 6, 2
31. 0, 3, 1, 5, 0, 6, 3, 5, 2, 6, 1, 7, 2, 4, 0, 2, 5, 7, 4, 6, 1, 4, 7, 3
32. 0, 2, 4, 6, 0, 3, 1, 7, 5, 3, 7, 5, 0, 4, 1, 3, 6, 1, 5, 2, 6, 4, 7, 2
33. 0, 4, 1, 5, 2, 6, 1, 3, 7, 1, 4, 2, 0, 3, 5, 0, 6, 2, 7, 5, 3, 6, 4, 7
34. 0, 2, 4, 6, 1, 4, 0, 6, 2, 7, 1, 5, 3, 7, 4, 6, 3, 0, 5, 1, 3, 7, 5, 2
35. 0, 3, 1, 7, 2, 0, 5, 7, 4, 2, 6, 4, 1, 5, 3, 6, 2, 5, 7, 3, 1, 6, 0, 4
36. 0, 2, 5, 3, 0, 6, 1, 5, 3, 1, 6, 2, 7, 5, 0, 4, 6, 3, 7, 1, 4, 2, 7, 4
37. 0, 4, 6, 3, 1, 5, 0, 2, 6, 1, 7, 2, 5, 3, 7, 2, 4, 6, 0, 3, 1, 4, 7, 5
38. 0, 6, 1, 5, 3, 6, 4, 2, 5, 7, 4, 0, 5, 3, 1, 7, 2, 0, 3, 7, 2, 6, 4, 1
39. 0, 5, 1, 4, 7, 5, 3, 1, 7, 2, 6, 3, 0, 2, 5, 1, 6, 3, 7, 4, 6, 0, 4, 2
40. 0, 6, 4, 7, 5, 1, 7, 3, 6, 1, 7, 2, 0, 5, 2, 4, 1, 3, 6, 2, 5, 3, 0, 4
41. 0, 2, 4, 7, 1, 4, 6, 1, 5, 7, 2, 6, 3, 5, 2, 4, 0, 3, 1, 7, 3, 6, 0, 5
42. 0, 3, 5, 0, 2, 4, 6, 2, 7, 5, 2, 6, 1, 7, 4, 0, 6, 3, 1, 7, 3, 5, 1, 4
43. 0, 4, 2, 7, 1, 4, 7, 1, 6, 2, 5, 3, 1, 5, 0, 2, 6, 0, 3, 5, 7, 3, 6, 4
44. 0, 5, 3, 6, 1, 5, 3, 1, 6, 4, 1, 7, 4, 0, 2, 6, 0, 3, 7, 2, 5, 7, 4, 2
45. 0, 4, 2, 5, 0, 3, 7, 1, 4, 7, 5, 1, 6, 3, 1, 6, 0, 2, 7, 4, 6, 2, 5, 3
46. 0, 3, 5, 2, 6, 1, 7, 4, 1, 3, 5, 7, 2, 4, 7, 3, 6, 0, 5, 1, 6, 4, 0, 2
47. 0, 5, 3, 6, 2, 0, 6, 4, 7, 5, 2, 7, 3, 1, 7, 4, 1, 5, 2, 4, 0, 3, 1, 6
48. 0, 5, 2, 7, 3, 1, 4, 6, 2, 0, 4, 7, 5, 1, 6, 0, 3, 5, 2, 4, 7, 1, 3, 6
49. 0, 2, 6, 1, 3, 0, 6, 4, 0, 5, 2, 4, 7, 1, 5, 2, 7, 3, 1, 4, 7, 5, 3, 6
50. 0, 5, 2, 0, 4, 1, 6, 2, 4, 6, 3, 1, 5, 2, 7, 1, 3, 0, 6, 4, 7, 5, 3, 7
51. 0, 4, 2, 5, 7, 1, 4, 6, 0, 3, 1, 5, 3, 6, 2, 4, 7, 3, 6, 1, 7, 2, 0, 5
52. 0, 6, 4, 2, 6, 3, 5, 2, 4, 1, 3, 7, 1, 6, 3, 0, 4, 7, 1, 5, 7, 2, 0, 5
53. 0, 3, 6, 4, 1, 6, 3, 7, 5, 2, 4, 1, 3, 5, 0, 6, 2, 7, 4, 0, 2, 7, 1, 5
54. 0, 5, 1, 6, 2, 5, 7, 4, 1, 6, 4, 0, 6, 3, 7, 2, 5, 3, 1, 7, 4, 2, 0, 3
55. 0, 2, 4, 1, 3, 6, 2, 5, 7, 3, 5, 2, 7, 1, 6, 0, 5, 1, 4, 7, 3, 0, 4, 6
56. 0, 5, 3, 6, 2, 4, 1, 5, 2, 7, 1, 4, 6, 1, 3, 5, 7, 4, 0, 3, 7, 2, 0, 6
57. 0, 3, 5, 7, 2, 4, 0, 6, 1, 3, 6, 2, 5, 0, 2, 7, 3, 5, 1, 7, 4, 1, 6, 4
58. 0, 4, 7, 1, 3, 6, 1, 5, 0, 6, 2, 5, 7, 2, 0, 3, 6, 4, 2, 5, 3, 7, 4, 1
59. 0, 4, 1, 5, 3, 0, 2, 7, 3, 1, 7, 4, 2, 5, 7, 3, 6, 4, 1, 6, 2, 5, 0, 6
60. 0, 2, 7, 5, 0, 6, 1, 4, 6, 1, 7, 2, 5, 3, 1, 5, 3, 6, 2, 4, 7, 3, 0, 4
61. 0, 6, 3, 5, 0, 3, 1, 5, 2, 7, 3, 6, 1, 7, 5, 2, 4, 1, 7, 4, 6, 2, 0, 4
62. 0, 3, 5, 1, 3, 6, 4, 1, 7, 2, 0, 5, 3, 7, 1, 6, 2, 4, 0, 6, 2, 5, 7, 4
63. 0, 6, 4, 1, 5, 7, 2, 4, 6, 1, 3, 5, 0, 2, 5, 7, 3, 0, 4, 7, 1, 3, 6, 2
64. 0, 5, 1, 7, 5, 3, 7, 2, 4, 0, 3, 1, 5, 2, 6, 4, 1, 6, 3, 7, 4, 2, 0, 6
65. 0, 5, 7, 3, 1, 5, 2, 4, 7, 2, 6, 1, 4, 7, 1, 5, 3, 6, 0, 4, 6, 3, 0, 2
66. 0, 5, 3, 1, 7, 5, 2, 4, 1, 5, 2, 7, 3, 6, 4, 1, 6, 0, 3, 7, 4, 0, 2, 6
67. 0, 2, 5, 7, 3, 6, 2, 7, 1, 5, 3, 0, 6, 2, 4, 7, 3, 1, 4, 6, 1, 5, 0, 4
68. 0, 2, 7, 5, 2, 6, 0, 5, 3, 1, 4, 6, 2, 4, 1, 5, 7, 3, 6, 1, 7, 4, 0, 3
69. 0, 3, 7, 5, 2, 4, 0, 5, 3, 1, 4, 7, 5, 1, 3, 6, 0, 2, 7, 1, 6, 2, 4, 6
70. 0, 6, 4, 7, 1, 5, 0, 3, 6, 2, 4, 0, 2, 5, 3, 1, 4, 7, 5, 2, 7, 3, 6, 1
71. 0, 5, 1, 4, 7, 3, 6, 0, 4, 2, 0, 3, 7, 5, 2, 4, 6, 1, 3, 5, 1, 7, 2, 6
72. 0, 3, 1, 7, 2, 4, 6, 3, 5, 2, 6, 0, 4, 2, 0, 5, 1, 6, 3, 7, 1, 4, 7, 5
73. 0, 4, 1, 5, 2, 0, 3, 1, 6, 2, 5, 3, 7, 4, 2, 7, 1, 4, 6, 0, 5, 7, 3, 6
74. 0, 3, 6, 0, 5, 7, 4, 0, 2, 6, 4, 1, 5, 2, 7, 1, 6, 4, 2, 7, 3, 5, 1, 3
75. 0, 2, 6, 1, 7, 4, 2, 5, 1, 3, 6, 4, 0, 3, 7, 4, 1, 6, 0, 5, 7, 2, 5, 3
76. 0, 3, 6, 1, 5, 2, 0, 6, 4, 0, 5, 3, 7, 2, 5, 7, 4, 1, 7, 3, 1, 4, 2, 6
77. 0, 2, 7, 3, 5, 1, 6, 0, 3, 6, 4, 1, 3, 5, 2, 6, 4, 0, 5, 7, 4, 2, 7, 1
78. 0, 6, 2, 5, 3, 0, 2, 4, 6, 1, 4, 7, 5, 1, 3, 7, 1, 6, 3, 5, 0, 4, 2, 7
79. 0, 5, 7, 4, 0, 3, 6, 0, 2, 6, 4, 1, 6, 2, 7, 3, 1, 4, 2, 5, 1, 7, 3, 5
80. 0, 2, 5, 0, 6, 2, 5, 7, 4, 2, 7, 3, 6, 1, 7, 4, 1, 6, 4, 0, 3, 5, 1, 3
81. 0, 5, 2, 6, 1, 4, 7, 3, 6, 2, 0, 4, 1, 7, 3, 0, 6, 4, 2, 7, 5, 3, 1, 5
82. 0, 2, 5, 0, 4, 7, 2, 4, 1, 6, 0, 3, 7, 1, 4, 6, 2, 5, 1, 3, 5, 7, 3, 6
83. 0, 3, 5, 7, 2, 4, 1, 3, 7, 2, 5, 3, 6, 0, 2, 6, 1, 5, 0, 4, 7, 1, 4, 6
84. 0, 2, 6, 3, 1, 6, 0, 5, 3, 0, 4, 7, 1, 5, 3, 7, 5, 2, 7, 4, 6, 1, 4, 2
85. 0, 2, 4, 7, 5, 3, 6, 2, 5, 1, 4, 6, 3, 1, 7, 2, 4, 0, 6, 1, 5, 0, 3, 7
86. 0, 4, 6, 1, 5, 2, 4, 7, 3, 0, 2, 4, 1, 6, 3, 5, 7, 2, 6, 0, 5, 3, 1, 7
87. 0, 2, 4, 0, 5, 3, 1, 7, 4, 6, 1, 5, 7, 2, 4, 1, 6, 3, 7, 5, 2, 6, 0, 3
88. 0, 3, 5, 2, 6, 1, 7, 4, 2, 7, 5, 0, 6, 3, 1, 4, 0, 2, 5, 1, 7, 3, 6, 4
89. 0, 3, 7, 1, 6, 2, 0, 6, 4, 2, 7, 3, 6, 1, 4, 2, 5, 3, 1, 5, 0, 4, 7, 5
90. 0, 6, 3, 1, 6, 4, 0, 3, 5, 1, 7, 2, 4, 7, 5, 0, 2, 7, 3, 1, 4, 6, 2, 5
91. 0, 5, 7, 4, 2, 7, 3, 6, 2, 0, 3, 5, 1, 6, 4, 0, 6, 4, 1, 7, 2, 5, 3, 1
92. 0, 5, 3, 1, 6, 0, 4, 2, 5, 1, 7, 3, 0, 2, 4, 7, 2, 6, 4, 1, 7, 5, 3, 6
93. 0, 5, 3, 7, 1, 5, 2, 6, 0, 2, 4, 6, 3, 7, 5, 2, 7, 4, 1, 3, 0, 4, 6, 1
94. 0, 2, 7, 3, 0, 4, 1, 3, 6, 2, 5, 0, 6, 2, 4, 7, 5, 1, 7, 4, 6, 1, 3, 5
95. 0, 6, 1, 4, 2, 0, 3, 1, 6, 3, 7, 2, 6, 4, 7, 1, 5, 3, 7, 5, 2, 4, 0, 5
96. 0, 5, 7, 2, 5, 3, 6, 0, 2, 6, 3, 0, 4, 7, 1, 6, 4, 7, 3, 1, 5, 2, 4, 1
97. 0, 3, 1, 6, 4, 7, 2, 6, 4, 1, 5, 7, 2, 0, 4, 2, 5, 0, 6, 3, 7, 1, 3, 5
98. 0, 4, 7, 5, 3, 6, 4, 2, 5, 1, 6, 3, 0, 6, 2, 0, 5, 2, 7, 3, 1, 4, 7, 1
99. 0, 2, 7, 4, 0, 5, 7, 1, 6, 0, 3, 1, 6, 2, 7, 3, 5, 1, 4, 2, 5, 3, 6, 4
100. 0, 2, 4, 0, 3, 5, 7, 2, 5, 0, 6, 2, 5, 1, 7, 4, 1, 7, 3, 6, 1, 3, 6, 4
101. 0, 6, 4, 2, 6, 1, 4, 0, 3, 7, 4, 6, 3, 5, 2, 7, 5, 0, 2, 7, 1, 3, 5, 1
102. 0, 5, 1, 6, 2, 4, 0, 3, 1, 4, 6, 3, 5, 7, 3, 6, 0, 2, 7, 4, 2, 5, 1, 7
103. 0, 6, 4, 7, 2, 5, 3, 1, 7, 3, 6, 2, 4, 0, 3, 5, 0, 2, 4, 1, 5, 7, 1, 6
104. 0, 3, 6, 2, 4, 6, 3, 7, 5, 1, 3, 5, 2, 4, 7, 5, 0, 6, 1, 4, 0, 2, 7, 1
105. 0, 5, 2, 4, 0, 2, 6, 3, 0, 6, 1, 4, 6, 2, 7, 5, 1, 4, 7, 3, 1, 7, 5, 3
106. 0, 5, 2, 7, 5, 3, 6, 2, 0, 3, 1, 7, 4, 6, 3, 7, 4, 1, 6, 0, 4, 2, 5, 1
107. 0, 3, 6, 4, 7, 1, 6, 0, 5, 3, 7, 5, 3, 1, 4, 6, 2, 4, 0, 2, 5, 1, 7, 2
108. 0, 5, 3, 1, 6, 2, 4, 0, 2, 4, 7, 3, 0, 6, 4, 1, 7, 2, 5, 1, 7, 5, 3, 6
109. 0, 6, 2, 4, 0, 2, 5, 7, 1, 3, 5, 0, 3, 7, 2, 4, 7, 1, 4, 6, 1, 5, 3, 6
110. 0, 3, 5, 1, 4, 0, 6, 1, 7, 3, 1, 4, 2, 6, 3, 7, 2, 6, 4, 7, 5, 2, 0, 5
111. 0, 5, 2, 4, 0, 3, 7, 1, 4, 6, 1, 4, 7, 2, 0, 6, 3, 1, 5, 3, 7, 5, 2, 6
112. 0, 5, 7, 1, 5, 3, 1, 4, 2, 7, 3, 0, 2, 4, 0, 6, 3, 7, 4, 6, 2, 5, 1, 6
113. 0, 5, 7, 2, 0, 6, 4, 1, 7, 3, 6, 1, 5, 3, 1, 4, 7, 5, 2, 4, 0, 3, 6, 2
114. 0, 6, 3, 0, 2, 6, 4, 2, 5, 0, 4, 7, 2, 6, 1, 5, 3, 7, 1, 3, 7, 5, 1, 4
115. 0, 4, 7, 1, 4, 2, 6, 3, 0, 5, 3, 1, 6, 0, 2, 5, 1, 3, 7, 2, 5, 7, 4, 6
116. 0, 3, 7, 1, 5, 2, 7, 5, 0, 4, 6, 0, 2, 6, 3, 5, 1, 6, 4, 2, 7, 4, 1, 3
117. 0, 5, 7, 3, 5, 2, 6, 1, 4, 7, 1, 5, 2, 7, 4, 2, 0, 3, 6, 0, 4, 6, 3, 1
118. 0, 3, 1, 6, 3, 7, 2, 5, 3, 6, 2, 7, 4, 0, 2, 4, 1, 7, 5, 0, 6, 4, 1, 5
119. 0, 5, 2, 0, 6, 1, 4, 7, 3, 5, 2, 6, 4, 2, 7, 1, 4, 0, 3, 1, 5, 7, 3, 6
120. 0, 4, 6, 0, 3, 1, 5, 7, 1, 3, 6, 2, 7, 3, 5, 2, 4, 1, 6, 4, 7, 2, 0, 5
121. 0, 6, 3, 0, 2, 7, 4, 0, 5, 2, 4, 6, 1, 7, 5, 3, 7, 1, 5, 3, 1, 4, 2, 6
122. 0, 5, 2, 6, 3, 7, 1, 5, 7, 2, 4, 1, 3, 5, 1, 6, 0, 4, 2, 0, 3, 6, 4, 7
123. 0, 6, 3, 5, 1, 4, 2, 6, 1, 3, 7, 2, 5, 3, 0, 4, 7, 2, 0, 5, 7, 1, 6, 4
124. 0, 3, 5, 0, 2, 4, 0, 6, 4, 2, 7, 1, 6, 3, 1, 7, 4, 1, 5, 2, 6, 3, 7, 5
125. 0, 5, 7, 2, 5, 1, 3, 0, 6, 2, 4, 6, 1, 7, 4, 1, 5, 3, 6, 2, 0, 4, 7, 3
126. 0, 6, 3, 0, 4, 1, 6, 4, 2, 5, 0, 2, 4, 7, 2, 6, 1, 3, 7, 1, 5, 7, 3, 5
127. 0, 6, 4, 1, 7, 3, 0, 5, 7, 4, 0, 2, 5, 1, 7, 2, 6, 4, 2, 5, 3, 1, 6, 3
128. 0, 2, 5, 7, 4, 6, 1, 5, 3, 1, 4, 0, 5, 7, 3, 0, 6, 2, 7, 1, 3, 6, 2, 4
129. 0, 2, 4, 7, 2, 5, 1, 3, 0, 4, 1, 6, 3, 7, 5, 0, 6, 2, 4, 6, 3, 5, 1, 7
130. 0, 4, 2, 5, 0, 6, 3, 0, 2, 4, 6, 2, 7, 1, 3, 5, 7, 3, 1, 5, 7, 4, 1, 6
131. 0, 4, 1, 7, 5, 3, 6, 1, 5, 0, 2, 4, 7, 2, 5, 7, 3, 0, 6, 2, 4, 6, 3, 1
132. 0, 3, 7, 4, 0, 6, 4, 2, 7, 1, 4, 7, 5, 2, 0, 5, 1, 6, 2, 5, 3, 6, 1, 3
133. 0, 5, 3, 0, 6, 2, 5, 1, 3, 7, 4, 1, 6, 4, 2, 0, 4, 1, 7, 2, 6, 3, 7, 5
134. 0, 2, 6, 4, 2, 5, 7, 2, 5, 0, 6, 3, 1, 4, 6, 1, 7, 4, 0, 3, 1, 5, 3, 7
135. 0, 6, 3, 7, 5, 3, 1, 4, 6, 2, 7, 3, 0, 2, 5, 0, 4, 1, 6, 2, 4, 7, 1, 5
136. 0, 3, 1, 4, 6, 3, 5, 2, 7, 3, 1, 6, 2, 5, 0, 2, 4, 6, 0, 4, 7, 1, 5, 7
137. 0, 3, 5, 7, 1, 3, 7, 1, 6, 3, 5, 2, 4, 1, 5, 0, 2, 4, 6, 2, 7, 4, 0, 6
138. 0, 6, 3, 5, 1, 3, 6, 2, 7, 5, 0, 4, 1, 6, 4, 2, 7, 4, 1, 7, 3, 0, 2, 5
139. 0, 3, 5, 7, 4, 2, 0, 5, 3, 7, 2, 6, 1, 4, 0, 6, 3, 1, 6, 4, 2, 5, 1, 7
140. 0, 4, 2, 7, 4, 6, 3, 0, 6, 3, 5, 2, 0, 5, 7, 1, 6, 2, 4, 1, 3, 7, 5, 1
141. 0, 6, 4, 2, 6, 3, 1, 7, 5, 3, 7, 2, 4, 0, 5, 2, 0, 3, 5, 1, 7, 4, 1, 6
142. 0, 4, 6, 2, 7, 1, 6, 4, 7, 5, 2, 4, 1, 3, 7, 2, 0, 5, 3, 0, 6, 3, 1, 5
143. 0, 6, 2, 5, 7, 4, 2, 7, 3, 5, 1, 7, 4, 0, 3, 1, 6, 4, 1, 6, 3, 5, 0, 2
144. 0, 2, 5, 3, 6, 1, 5, 0, 6, 2, 7, 3, 0, 4, 1, 5, 7, 1, 3, 6, 4, 7, 2, 4
145. 0, 6, 3, 7, 1, 6, 2, 7, 4, 1, 3, 7, 5, 1, 4, 6, 2, 4, 0, 5, 2, 0, 3, 5
146. 0, 6, 4, 2, 0, 4, 7, 3, 6, 2, 5, 1, 7, 5, 3, 1, 6, 3, 0, 5, 1, 4, 7, 2
147. 0, 2, 6, 4, 2, 7, 1, 5, 0, 3, 1, 6, 3, 1, 4, 7, 5, 3, 7, 5, 2, 6, 0, 4
148. 0, 5, 3, 0, 2, 6, 4, 2, 7, 5, 3, 6, 0, 4, 7, 1, 5, 2, 4, 1, 3, 7, 1, 6
149. 0, 3, 1, 6, 4, 2, 6, 3, 7, 1, 4, 0, 2, 5, 0, 6, 3, 5, 1, 4, 7, 5, 2, 7
150. 0, 4, 2, 0, 6, 4, 7, 2, 4, 1, 5, 2, 6, 3, 5, 7, 3, 6, 1, 3, 0, 5, 1, 7
151. 0, 6, 4, 2, 6, 4, 0, 5, 3, 7, 5, 1, 3, 7, 4, 1, 7, 2, 0, 3, 6, 1, 5, 2
152. 0, 4, 2, 7, 5, 3, 0, 2, 6, 1, 5, 2, 4, 6, 3, 5, 0, 6, 1, 3, 7, 4, 1, 7
153. 0, 2, 4, 0, 5, 1, 6, 2, 5, 7, 3, 0, 6, 3, 1, 4, 7, 1, 5, 3, 6, 4, 7, 2
154. 0, 2, 6, 1, 4, 2, 7, 4, 6, 0, 3, 7, 1, 5, 3, 6, 2, 5, 0, 4, 7, 5, 1, 3
155. 0, 4, 7, 5, 1, 4, 2, 5, 0, 6, 3, 0, 2, 7, 1, 6, 2, 7, 3, 5, 1, 3, 6, 4
156. 0, 2, 5, 0, 4, 2, 7, 1, 4, 6, 2, 5, 3, 0, 6, 4, 7, 3, 1, 5, 7, 3, 6, 1
157. 0, 3, 5, 2, 6, 3, 5, 0, 4, 7, 2, 6, 4, 1, 5, 7, 1, 3, 7, 4, 2, 0, 6, 1
158. 0, 6, 4, 7, 5, 2, 0, 3, 1, 4, 6, 3, 7, 1, 3, 5, 1, 6, 2, 7, 5, 0, 4, 2
159. 0, 6, 1, 5, 0, 3, 7, 4, 2, 6, 3, 1, 4, 6, 2, 0, 4, 7, 1, 3, 5, 7, 2, 5
160. 0, 2, 7, 3, 1, 5, 3, 6, 0, 5, 2, 6, 1, 7, 4, 0, 3, 6, 4, 2, 7, 5, 1, 4
161. 0, 5, 3, 0, 4, 2, 0, 6, 1, 3, 5, 2, 7, 1, 6, 2, 7, 3, 6, 4, 7, 5, 1, 4
162. 0, 4, 1, 6, 4, 7, 3, 6, 2, 5, 1, 3, 0, 6, 3, 5, 0, 2, 5, 7, 2, 4, 1, 7
163. 0, 5, 1, 7, 3, 1, 4, 6, 0, 2, 6, 4, 7, 5, 3, 6, 1, 3, 0, 4, 2, 5, 7, 2
164. 0, 6, 3, 7, 2, 0, 5, 7, 2, 6, 3, 1, 6, 4, 2, 5, 1, 4, 7, 1, 5, 3, 0, 4
165. 0, 5, 3, 0, 2, 6, 0, 4, 6, 2, 5, 7, 3, 6, 1, 5, 3, 1, 7, 4, 2, 7, 1, 4
166. 0, 4, 1, 5, 2, 0, 6, 2, 4, 7, 3, 5, 0, 3, 7, 2, 5, 7, 1, 6, 3, 1, 4, 6
167. 0, 5, 2, 4, 1, 5, 7, 4, 0, 3, 6, 4, 1, 3, 5, 2, 0, 6, 2, 7, 1, 6, 3, 7
168. 0, 3, 5, 7, 3, 6, 0, 4, 2, 0, 5, 2, 7, 1, 6, 4, 2, 6, 1, 4, 7, 3, 1, 5
169. 0, 4, 2, 0, 6, 3, 7, 5, 0, 3, 5, 2, 6, 3, 1, 4, 2, 7, 1, 6, 4, 7, 1, 5
170. 0, 3, 6, 4, 1, 6, 0, 5, 1, 4, 7, 5, 2, 4, 0, 2, 6, 3, 1, 7, 2, 5, 3, 7
171. 0, 6, 4, 7, 1, 4, 2, 5, 7, 3, 1, 7, 2, 6, 3, 5, 1, 6, 4, 0, 5, 3, 0, 2
172. 0, 5, 7, 4, 0, 2, 7, 3, 1, 7, 4, 2, 6, 0, 3, 5, 2, 6, 3, 1, 4, 6, 1, 5
173. 0, 4, 2, 7, 5, 0, 2, 5, 3, 6, 4, 1, 3, 6, 1, 4, 7, 2, 6, 0, 3, 7, 1, 5
174. 0, 4, 2, 5, 7, 2, 0, 3, 6, 1, 7, 3, 1, 5, 3, 7, 4, 1, 6, 4, 2, 6, 0, 5
175. 0, 6, 1, 3, 7, 5, 3, 6, 2, 5, 7, 1, 5, 0, 3, 1, 4, 2, 6, 4, 7, 2, 0, 4
176. 0, 2, 5, 7, 1, 5, 3, 1, 6, 3, 0, 6, 2, 4, 0, 5, 7, 2, 6, 4, 7, 3, 1, 4
177. 0, 2, 7, 1, 6, 3, 1, 6, 4, 0, 5, 3, 7, 5, 1, 4, 7, 2, 6, 0, 3, 5, 2, 4
178. 0, 5, 7, 1, 4, 6, 2, 0, 4, 1, 3, 5, 1, 6, 0, 3, 7, 5, 2, 7, 4, 2, 6, 3
179. 0, 5, 7, 4, 2, 6, 4, 2, 5, 1, 3, 5, 7, 2, 0, 4, 1, 6, 3, 7, 1, 3, 0, 6
180. 0, 5, 3, 1, 6, 3, 5, 1, 6, 4, 0, 2, 7, 1, 4, 7, 5, 2, 6, 0, 3, 7, 2, 4
181. 0, 3, 5, 1, 4, 2, 6, 3, 1, 6, 0, 2, 4, 7, 5, 0, 4, 6, 1, 7, 2, 5, 3, 7
182. 0, 4, 1, 7, 3, 1, 6, 2, 4, 6, 3, 0, 6, 1, 5, 2, 0, 5, 7, 2, 4, 7, 3, 5
183. 0, 4, 7, 3, 1, 6, 4, 2, 7, 1, 6, 2, 4, 1, 5, 3, 0, 2, 5, 3, 6, 0, 5, 7
184. 0, 5, 3, 6, 2, 0, 4, 6, 0, 3, 1, 7, 2, 4, 6, 1, 4, 7, 3, 5, 7, 1, 5, 2
185. 0, 3, 1, 7, 3, 5, 7, 4, 1, 5, 3, 6, 2, 5, 0, 4, 2, 7, 4, 6, 0, 2, 6, 1
186. 0, 5, 2, 4, 6, 1, 5, 7, 2, 6, 4, 0, 2, 5, 3, 7, 4, 1, 3, 0, 6, 3, 1, 7
187. 0, 4, 2, 0, 6, 1, 7, 4, 1, 3, 5, 2, 6, 4, 1, 5, 0, 3, 5, 7, 2, 6, 3, 7
188. 0, 6, 3, 1, 6, 2, 5, 7, 2, 4, 0, 2, 5, 3, 7, 4, 1, 5, 0, 3, 6, 4, 1, 7
189. 0, 2, 5, 3, 6, 1, 4, 2, 5, 7, 1, 5, 0, 3, 6, 4, 0, 6, 2, 7, 3, 1, 7, 4
190. 0, 4, 6, 2, 7, 4, 2, 0, 6, 1, 3, 5, 0, 3, 1, 7, 3, 6, 2, 5, 1, 4, 7, 5
191. 0, 4, 2, 7, 4, 6, 0, 5, 3, 1, 6, 2, 0, 3, 5, 7, 1, 4, 7, 3, 6, 1, 5, 2
192. 0, 5, 2, 7, 5, 3, 6, 4, 0, 3, 5, 1, 6, 2, 4, 1, 3, 7, 2, 0, 6, 1, 7, 4
193. 0, 3, 6, 1, 3, 7, 2, 4, 1, 5, 7, 1, 6, 4, 7, 5, 0, 2, 6, 0, 4, 2, 5, 3
194. 0, 3, 5, 0, 6, 3, 5, 1, 7, 2, 6, 4, 7, 3, 1, 4, 0, 2, 4, 1, 6, 2, 5, 7
195. 0, 4, 2, 6, 4, 1, 7, 5, 2, 0, 6, 1, 4, 7, 3, 5, 1, 3, 0, 5, 3, 6, 2, 7
196. 0, 6, 4, 0, 2, 4, 1, 7, 3, 6, 1, 5, 3, 7, 2, 5, 0, 3, 1, 6, 2, 4, 7, 5
197. 0, 6, 3, 7, 5, 2, 0, 5, 2, 4, 1, 7, 4, 0, 3, 6, 1, 3, 5, 1, 4, 6, 2, 7
198. 0, 6, 4, 2, 0, 3, 6, 1, 4, 7, 1, 3, 5, 2, 7, 3, 1, 5, 7, 2, 6, 4, 0, 5
199. 0, 4, 6, 2, 4, 7, 2, 5, 1, 3, 7, 5, 1, 7, 3, 5, 0, 3, 6, 4, 1, 6, 0, 2
200. 0, 6, 2, 0, 4, 1, 5, 3, 1, 7, 2, 6, 1, 4, 2, 5, 3, 7, 4, 6, 3, 0, 5, 7
201. 0, 4, 2, 7, 1, 5, 7, 4, 1, 6, 0, 2, 7, 3, 6, 2, 5, 3, 0, 5, 3, 1, 4, 6
202. 0, 3, 5, 1, 6, 4, 7, 2, 6, 3, 1, 4, 0, 2, 4, 1, 7, 5, 0, 6, 3, 7, 5, 2
203. 0, 2, 7, 3, 1, 6, 3, 1, 5, 2, 4, 1, 7, 5, 0, 6, 4, 7, 2, 6, 4, 0, 3, 5
204. 0, 4, 1, 5, 3, 1, 5, 0, 6, 2, 5, 7, 3, 6, 4, 2, 7, 1, 6, 3, 0, 2, 4, 7
205. 0, 6, 4, 7, 2, 5, 0, 4, 1, 5, 7, 3, 5, 7, 1, 3, 6, 1, 3, 0, 2, 6, 4, 2
206. 0, 3, 6, 2, 5, 7, 4, 6, 2, 7, 1, 6, 0, 4, 7, 3, 1, 5, 0, 2, 4, 1, 3, 5
207. 0, 6, 1, 3, 7, 1, 5, 2, 6, 3, 5, 2, 0, 4, 7, 1, 4, 6, 3, 0, 5, 7, 2, 4
208. 0, 6, 1, 5, 2, 6, 4, 2, 5, 3, 1, 7, 5, 0, 4, 1, 3, 0, 2, 7, 4, 6, 3, 7
209. 0, 4, 7, 5, 3, 6, 2, 5, 0, 2, 4, 6, 0, 3, 1, 5, 7, 2, 4, 1, 7, 3, 1, 6
210. 0, 3, 5, 0, 2, 7, 1, 5, 7, 4, 2, 5, 3, 7, 1, 3, 6, 0, 4, 2, 6, 1, 4, 6
211. 0, 4, 7, 3, 6, 2, 7, 1, 3, 5, 2, 0, 6, 4, 2, 5, 1, 6, 3, 0, 5, 7, 4, 1
212. 0, 5, 7, 1, 3, 6, 4, 7, 5, 3, 7, 2, 0, 3, 1, 6, 4, 2, 5, 1, 4, 0, 6, 2
213. 0, 5, 3, 6, 4, 2, 7, 4, 6, 2, 7, 5, 1, 7, 3, 5, 2, 0, 6, 1, 4, 0, 3, 1
214. 0, 6, 2, 4, 0, 2, 7, 1, 5, 2, 7, 3, 6, 4, 7, 5, 1, 3, 0, 5, 3, 6, 1, 4
215. 0, 6, 4, 2, 0, 5, 2, 6, 3, 5, 2, 7, 3, 6, 1, 4, 7, 1, 5, 7, 4, 0, 3, 1
216. 0, 4, 1, 7, 3, 5, 1, 6, 4, 7, 2, 5, 0, 6, 3, 1, 4, 2, 0, 3, 5, 7, 2, 6
217. 0, 5, 7, 2, 4, 1, 6, 2, 7, 3, 6, 4, 0, 3, 6, 0, 2, 5, 1, 7, 4, 1, 3, 5
218. 0, 5, 3, 7, 5, 2, 6, 3, 1, 5, 2, 4, 7, 1, 4, 0, 6, 4, 1, 6, 3, 0, 2, 7
219. 0, 3, 6, 2, 4, 7, 3, 6, 4, 0, 6, 1, 7, 2, 5, 1, 4, 2, 0, 5, 7, 1, 3, 5
220. 0, 6, 4, 0, 5, 3, 0, 2, 4, 7, 2, 6, 1, 7, 3, 6, 1, 5, 2, 4, 1, 3, 7, 5
221. 0, 3, 6, 0, 4, 2, 0, 5, 7, 2, 5, 3, 7, 1, 5, 2, 6, 4, 7, 1, 4, 6, 1, 3
222. 0, 6, 1, 5, 3, 7, 2, 0, 3, 1, 4, 0, 5, 2, 4, 7, 5, 2, 6, 4, 1, 7, 3, 6
223. 0, 6, 2, 5, 1, 7, 4, 1, 3, 6, 1, 5, 0, 4, 6, 3, 0, 2, 7, 3, 5, 7, 4, 2
224. 0, 4, 1, 6, 4, 1, 3, 6, 2, 5, 7, 4, 2, 5, 1, 7, 3, 5, 0, 6, 3, 0, 2, 7
225. 0, 3, 5, 1, 6, 4, 2, 5, 7, 1, 4, 2, 0, 6, 3, 7, 2, 6, 1, 3, 5, 0, 4, 7
226. 0, 5, 3, 6, 1, 4, 2, 6, 0, 4, 6, 1, 7, 2, 4, 7, 3, 1, 5, 2, 0, 3, 7, 5
227. 0, 5, 2, 4, 1, 7, 3, 5, 7, 1, 5, 3, 1, 6, 2, 4, 7, 2, 0, 4, 6, 0, 3, 6
228. 0, 2, 6, 0, 3, 5, 2, 7, 3, 5, 1, 3, 6, 4, 7, 5, 0, 4, 7, 1, 6, 2, 4, 1
229. 0, 2, 6, 1, 3, 6, 4, 2, 5, 7, 3, 1, 5, 7, 4, 0, 3, 5, 0, 6, 4, 1, 7, 2
230. 0, 5, 1, 7, 2, 4, 7, 3, 6, 2, 5, 3, 0, 6, 1, 4, 6, 1, 3, 5, 7, 4, 0, 2
231. 0, 2, 5, 3, 1, 5, 7, 1, 6, 3, 7, 5, 0, 6, 1, 4, 2, 6, 4, 2, 7, 4, 0, 3
232. 0, 6, 1, 3, 7, 2, 5, 3, 7, 5, 0, 3, 6, 4, 0, 2, 6, 1, 7, 4, 1, 5, 2, 4
233. 0, 4, 6, 0, 2, 4, 1, 3, 7, 5, 1, 6, 3, 7, 1, 5, 0, 3, 5, 2, 6, 4, 7, 2
234. 0, 3, 6, 4, 2, 5, 3, 7, 2, 6, 1, 7, 4, 6, 0, 2, 7, 5, 3, 1, 5, 0, 4, 1
235. 0, 6, 3, 0, 2, 4, 1, 6, 4, 7, 1, 5, 3, 7, 2, 5, 0, 4, 7, 5, 3, 1, 6, 2
236. 0, 2, 7, 4, 0, 5, 2, 6, 3, 5, 7, 3, 0, 6, 2, 4, 6, 1, 3, 5, 1, 4, 7, 1
237. 0, 5, 1, 7, 4, 2, 7, 3, 5, 2, 6, 1, 4, 2, 0, 6, 3, 0, 4, 6, 3, 1, 7, 5
238. 0, 4, 2, 7, 1, 4, 2, 6, 1, 5, 7, 4, 6, 3, 7, 5, 2, 0, 5, 3, 0, 6, 3, 1
239. 0, 2, 5, 0, 3, 6, 4, 7, 5, 3, 1, 6, 0, 4, 2, 5, 1, 4, 6, 2, 7, 3, 1, 7
240. 0, 5, 2, 0, 4, 2, 6, 0, 3, 7, 4, 1, 3, 6, 1, 7, 5, 2, 7, 3, 5, 1, 4, 6
241. 0, 3, 6, 1, 3, 5, 1, 7, 4, 0, 6, 4, 2, 7, 3, 6, 2, 0, 5, 7, 1, 4, 2, 5
242. 0, 4, 6, 3, 7, 2, 0, 6, 1, 4, 7, 1, 6, 2, 5, 3, 1, 5, 0, 3, 7, 5, 2, 4
243. 0, 3, 1, 4, 6, 2, 5, 1, 3, 7, 4, 0, 6, 4, 2, 5, 0, 2, 7, 1, 6, 3, 5, 7
244. 0, 5, 3, 1, 4, 6, 3, 7, 5, 2, 6, 0, 2, 5, 1, 4, 2, 7, 4, 0, 3, 7, 1, 6
245. 0, 2, 6, 3, 0, 4, 1, 3, 6, 0, 5, 2, 4, 7, 1, 6, 4, 1, 5, 3, 7, 5, 2, 7
246. 0, 3, 7, 1, 6, 3, 5, 2, 7, 1, 5, 7, 4, 2, 0, 4, 2, 6, 0, 5, 3, 1, 4, 6
247. 0, 6, 1, 5, 2, 4, 1, 3, 6, 2, 5, 7, 1, 4, 6, 3, 7, 2, 0, 3, 5, 0, 4, 7
248. 0, 3, 1, 7, 4, 1, 6, 0, 2, 4, 6, 2, 7, 3, 5, 0, 4, 7, 5, 3, 6, 2, 5, 1
249. 0, 4, 2, 0, 3, 5, 0, 6, 2, 7, 1, 4, 6, 1, 7, 4, 2, 5, 3, 1, 5, 7, 3, 6
250. 0, 4, 7, 5, 0, 2, 6, 4, 1, 7, 4, 2, 5, 3, 6, 1, 3, 5, 1, 6, 0, 3, 7, 2
251. 0, 6, 2, 4, 6, 3, 1, 6, 4, 1, 5, 2, 0, 4, 7, 5, 3, 1, 7, 5, 0, 3, 7, 2
252. 0, 2, 6, 3, 1, 4, 7, 1, 3, 7, 5, 0, 6, 1, 5, 2, 4, 0, 3, 5, 2, 7, 4, 6
253. 0, 4, 7, 1, 5, 0, 6, 4, 1, 5, 3, 0, 2, 5, 7, 2, 6, 3, 1, 6, 3, 7, 4, 2
254. 0, 4, 1, 6, 2, 5, 3, 0, 5, 1, 6, 3, 7, 1, 3, 5, 7, 2, 0, 6, 4, 2, 7, 4
255. 0, 4, 1, 5, 0, 2, 4, 6, 3, 0, 6, 1, 3, 5, 7, 3, 6, 2, 7, 5, 2, 4, 7, 1
256. 0, 6, 4, 7, 5, 0, 2, 4, 0, 3, 6, 2, 7, 1, 6, 3, 5, 2, 4, 1, 7, 3, 1, 5
257. 0, 4, 1, 6, 3, 5, 7, 3, 0, 2, 6, 4, 7, 2, 6, 0, 5, 2, 4, 7, 1, 5, 3, 1
258. 0, 3, 5, 1, 4, 7, 5, 3, 7, 2, 6, 4, 2, 7, 1, 3, 6, 1, 4, 0, 2, 5, 0, 6
259. 0, 5, 1, 7, 3, 0, 2, 4, 6, 3, 5, 2, 7, 1, 4, 0, 6, 2, 4, 7, 5, 3, 1, 6
260. 0, 6, 3, 5, 7, 4, 6, 2, 0, 5, 2, 6, 1, 3, 0, 4, 7, 1, 4, 2, 7, 3, 1, 5
261. 0, 4, 7, 1, 3, 7, 1, 6, 2, 5, 7, 2, 5, 0, 3, 5, 1, 4, 6, 0, 2, 4, 6, 3
262. 0, 6, 1, 7, 4, 6, 3, 1, 4, 0, 2, 4, 6, 2, 7, 5, 3, 1, 5, 7, 3, 0, 5, 2
263. 0, 6, 4, 1, 6, 3, 5, 7, 4, 6, 2, 7, 3, 0, 5, 1, 3, 7, 1, 5, 2, 0, 4, 2
264. 0, 2, 4, 6, 3, 5, 0, 4, 7, 1, 4, 2, 6, 0, 3, 7, 2, 5, 3, 1, 7, 5, 1, 6
265. 0, 6, 2, 7, 5, 3, 1, 5, 0, 2, 5, 3, 6, 4, 1, 7, 4, 1, 6, 2, 4, 0, 3, 7
266. 0, 5, 1, 6, 2, 4, 0, 2, 7, 4, 1, 3, 5, 7, 3, 6, 2, 5, 3, 0, 6, 4, 7, 1
267. 0, 6, 1, 4, 7, 1, 3, 5, 1, 6, 3, 0, 4, 7, 2, 6, 4, 2, 5, 0, 2, 5, 7, 3
268. 0, 4, 7, 1, 3, 7, 2, 6, 4, 2, 7, 5, 1, 4, 6, 3, 5, 2, 0, 5, 1, 6, 0, 3
269. 0, 6, 2, 5, 3, 7, 2, 5, 1, 4, 2, 0, 3, 6, 1, 7, 4, 6, 1, 3, 7, 5, 0, 4
270. 0, 5, 7, 2, 4, 7, 1, 6, 4, 1, 6, 0, 3, 7, 4, 0, 2, 5, 3, 6, 2, 5, 1, 3
271. 0, 5, 1, 6, 0, 4, 7, 1, 3, 6, 4, 2, 7, 4, 1, 3, 7, 5, 2, 0, 3, 5, 2, 6
272. 0, 5, 2, 0, 4, 1, 7, 4, 2, 7, 3, 1, 4, 6, 2, 5, 3, 6, 0, 3, 6, 1, 5, 7
273. 0, 4, 6, 3, 5, 2, 0, 5, 1, 7, 2, 4, 7, 5, 3, 1, 7, 3, 0, 6, 2, 4, 1, 6
274. 0, 4, 6, 2, 4, 7, 3, 5, 2, 0, 3, 6, 0, 5, 1, 7, 2, 4, 1, 6, 3, 1, 5, 7
275. 0, 2, 6, 1, 4, 6, 3, 7, 4, 0, 5, 7, 4, 2, 7, 1, 3, 5, 1, 6, 0, 3, 5, 2
276. 0, 4, 6, 3, 0, 2, 5, 7, 4, 1, 7, 2, 4, 1, 3, 7, 5, 0, 6, 1, 5, 3, 6, 2
277. 0, 6, 3, 7, 4, 2, 5, 0, 4, 1, 5, 7, 2, 0, 3, 1, 6, 2, 4, 6, 1, 7, 3, 5
278. 0, 5, 7, 1, 3, 7, 5, 1, 4, 7, 2, 4, 6, 1, 4, 0, 6, 3, 0, 2, 6, 3, 5, 2
279. 0, 4, 1, 7, 2, 5, 1, 6, 2, 7, 4, 6, 0, 3, 6, 1, 3, 5, 7, 3, 5, 0, 2, 4
280. 0, 5, 3, 1, 5, 2, 6, 3, 7, 4, 6, 1, 7, 2, 0, 4, 1, 3, 0, 6, 4, 2, 7, 5
281. 0, 3, 5, 1, 6, 2, 5, 7, 1, 3, 7, 1, 4, 7, 2, 4, 6, 0, 2, 4, 0, 5, 3, 6
282. 0, 2, 7, 3, 5, 2, 4, 1, 7, 4, 6, 0, 5, 7, 1, 3, 6, 2, 4, 0, 3, 6, 1, 5
283. 0, 3, 5, 7, 2, 4, 1, 6, 0, 5, 3, 7, 4, 0, 2, 7, 1, 5, 2, 6, 1, 3, 6, 4
284. 0, 4, 6, 3, 1, 4, 2, 5, 7, 1, 3, 5, 2, 0, 6, 2, 7, 3, 0, 5, 1, 6, 4, 7
285. 0, 5, 2, 7, 1, 5, 2, 0, 3, 5, 7, 3, 6, 4, 7, 3, 1, 4, 0, 6, 1, 4, 2, 6
286. 0, 6, 4, 1, 5, 2, 0, 4, 2, 6, 1, 7, 2, 5, 7, 1, 3, 5, 0, 3, 6, 4, 7, 3
287. 0, 3, 7, 1, 4, 0, 5, 3, 1, 6, 2, 4, 7, 2, 4, 6, 0, 2, 5, 1, 7, 5, 3, 6
288. 0, 4, 6, 3, 5, 1, 7, 3, 0, 5, 7, 2, 0, 6, 4, 7, 1, 6, 2, 4, 1, 3, 5, 2
289. 0, 6, 4, 1, 5, 2, 4, 0, 3, 6, 2, 0, 5, 3, 7, 2, 6, 1, 3, 7, 1, 5, 7, 4
290. 0, 4, 2, 7, 3, 5, 0, 6, 2, 0, 3, 1, 5, 7, 4, 6, 1, 5, 2, 4, 1, 7, 3, 6
291. 0, 3, 5, 1, 3, 6, 1, 4, 2, 0, 6, 4, 2, 6, 1, 7, 5, 2, 7, 3, 5, 0, 4, 7
292. 0, 3, 5, 7, 3, 5, 2, 4, 7, 1, 4, 0, 2, 7, 1, 6, 4, 2, 6, 3, 1, 5, 0, 6
293. 0, 6, 2, 5, 3, 6, 4, 7, 5, 0, 3, 1, 6, 3, 7, 1, 4, 2, 0, 4, 1, 5, 7, 2
294. 0, 6, 1, 4, 0, 5, 2, 4, 6, 2, 0, 3, 7, 2, 5, 7, 4, 6, 3, 7, 1, 3, 5, 1
295. 0, 6, 3, 5, 7, 4, 0, 5, 1, 3, 7, 4, 1, 7, 2, 6, 4, 2, 0, 3, 1, 6, 2, 5
296. 0, 2, 6, 4, 0, 5, 1, 4, 2, 7, 4, 6, 1, 5, 2, 7, 5, 3, 7, 1, 3, 0, 6, 3
297. 0, 6, 3, 1, 4, 6, 2, 4, 0, 2, 4, 7, 2, 5, 1, 7, 3, 0, 5, 3, 6, 1, 7, 5
298. 0, 3, 6, 4, 0, 6, 1, 4, 7, 5, 3, 1, 5, 2, 6, 3, 7, 1, 4, 2, 7, 5, 0, 2
299. 0, 2, 4, 1, 7, 4, 6, 2, 7, 3, 5, 2, 4, 0, 6, 1, 5, 3, 0, 5, 7, 1, 3, 6
300. 0, 5, 3, 1, 7, 2, 5, 1, 6, 0, 3, 5, 7, 4, 6, 2, 4, 1, 7, 3, 6, 2, 0, 4
301. 0, 2, 5, 7, 3, 0, 6, 2, 4, 1, 7, 2, 6, 1, 5, 0, 4, 6, 3, 5, 7, 4, 1, 3
302. 0, 5, 3, 1, 5, 7, 1, 6, 3, 7, 2, 0, 3, 6, 2, 4, 7, 5, 2, 4, 6, 0, 4, 1
303. 0, 6, 2, 5, 7, 3, 1, 4, 0, 3, 6, 2, 4, 6, 1, 4, 7, 1, 5, 0, 2, 7, 3, 5
304. 0, 4, 7, 2, 6, 4, 7, 5, 3, 0, 2, 6, 0, 5, 1, 6, 3, 1, 4, 2, 5, 3, 7, 1
305. 0, 4, 2, 6, 1, 5, 7, 3, 6, 0, 3, 1, 4, 7, 1, 5, 0, 2, 7, 4, 6, 3, 5, 2
306. 0, 4, 2, 7, 4, 6, 2, 0, 5, 2, 7, 3, 6, 0, 3, 1, 5, 7, 1, 4, 6, 1, 3, 5
307. 0, 3, 1, 6, 4, 2, 7, 3, 6, 0, 5, 1, 6, 2, 4, 0, 2, 5, 7, 1, 4, 7, 3, 5
308. 0, 4, 7, 2, 4, 1, 7, 5, 2, 0, 3, 5, 2, 6, 3, 1, 4, 6, 0, 5, 1, 6, 3, 7
309. 0, 2, 6, 1, 4, 0, 3, 6, 0, 5, 3, 1, 5, 7, 1, 4, 7, 3, 5, 2, 4, 6, 2, 7
310. 0, 4, 1, 6, 3, 5, 0, 2, 7, 3, 5, 1, 6, 0, 3, 1, 7, 2, 5, 7, 4, 6, 2, 4
311. 0, 6, 3, 1, 7, 3, 6, 4, 7, 5, 2, 6, 1, 5, 3, 0, 2, 5, 0, 4, 1, 7, 2, 4
312. 0, 2, 6, 1, 7, 3, 1, 4, 2, 6, 0, 3, 5, 7, 4, 6, 3, 5, 0, 4, 7, 2, 5, 1
313. 0, 3, 1, 5, 0, 6, 1, 5, 2, 0, 4, 6, 2, 4, 6, 3, 7, 1, 4, 7, 3, 5, 7, 2
314. 0, 4, 6, 0, 2, 7, 5, 3, 6, 1, 7, 2, 6, 3, 0, 5, 1, 3, 7, 4, 2, 5, 1, 4
315. 0, 5, 3, 0, 6, 1, 3, 5, 1, 4, 2, 7, 5, 2, 6, 4, 1, 7, 4, 0, 2, 7, 3, 6
316. 0, 2, 4, 1, 6, 0, 4, 6, 2, 5, 1, 3, 7, 4, 6, 3, 5, 1, 7, 3, 0, 5, 7, 2
317. 0, 4, 1, 3, 7, 1, 3, 0, 2, 5, 0, 6, 4, 7, 2, 4, 6, 3, 5, 1, 6, 2, 7, 5
318. 0, 6, 1, 4, 0, 5, 2, 4, 7, 1, 3, 0, 2, 7, 4, 6, 2, 5, 7, 3, 5, 1, 3, 6
319. 0, 3, 1, 6, 0, 5, 7, 2, 6, 4, 1, 5, 3, 1, 7, 3, 6, 2, 4, 7, 5, 2, 0, 4
320. 0, 6, 4, 1, 6, 2, 0, 3, 1, 7, 5, 0, 4, 2, 7, 5, 1, 3, 5, 2, 6, 3, 7, 4
321. 0, 5, 7, 4, 2, 6, 3, 7, 1, 3, 5, 7, 2, 5, 1, 4, 6, 1, 3, 0, 2, 6, 0, 4
322. 0, 6, 1, 7, 4, 1, 5, 3, 1, 4, 2, 6, 4, 0, 2, 6, 3, 7, 2, 5, 7, 3, 0, 5
323. 0, 5, 3, 1, 5, 7, 4, 2, 6, 3, 7, 2, 0, 6, 2, 5, 3, 0, 4, 6, 1, 4, 7, 1
324. 0, 4, 6, 2, 4, 7, 5, 0, 6, 3, 1, 7, 3, 6, 1, 7, 2, 5, 1, 4, 2, 0, 3, 5
325. 0, 5, 2, 4, 1, 3, 5, 2, 7, 3, 1, 6, 2, 0, 3, 6, 0, 4, 7, 5, 1, 7, 4, 6
326. 0, 4, 1, 7, 4, 6, 0, 5, 3, 6, 2, 7, 4, 2, 5, 7, 3, 6, 1, 3, 0, 2, 5, 1
327. 0, 5, 7, 4, 2, 7, 3, 6, 2, 5, 3, 1, 5, 2, 0, 6, 4, 0, 3, 1, 4, 7, 1, 6
328. 0, 5, 1, 3, 5, 2, 6, 1, 4, 0, 6, 3, 0, 2, 6, 4, 7, 2, 4, 7, 5, 1, 7, 3
329. 0, 4, 7, 3, 0, 2, 4, 6, 3, 1, 7, 3, 5, 2, 4, 1, 5, 0, 6, 2, 7, 5, 1, 6
330. 0, 5, 3, 7, 4, 6, 2, 7, 5, 2, 4, 1, 5, 2, 0, 3, 6, 1, 3, 6, 0, 4, 1, 7
331. 0, 5, 2, 4, 6, 3, 7, 4, 1, 6, 0, 2, 7, 5, 3, 6, 2, 5, 1, 7, 4, 0, 3, 1
332. 0, 2, 5, 0, 6, 1, 4, 6, 3, 1, 5, 2, 6, 4, 2, 7, 3, 0, 4, 7, 1, 3, 5, 7
333. 0, 2, 6, 0, 3, 7, 2, 5, 7, 3, 6, 1, 5, 0, 4, 1, 7, 4, 6, 2, 4, 1, 3, 5
334. 0, 3, 5, 1, 4, 7, 3, 6, 0, 4, 2, 7, 1, 3, 6, 1, 4, 6, 2, 5, 0, 2, 5, 7
335. 0, 6, 3, 5, 2, 0, 4, 7, 5, 0, 3, 7, 2, 5, 1, 4, 2, 6, 3, 1, 6, 4, 1, 7
336. 0, 2, 7, 3, 6, 4, 2, 6, 0, 4, 1, 7, 2, 5, 1, 3, 5, 7, 4, 6, 1, 3, 0, 5
337. 0, 4, 6, 0, 3, 7, 1, 5, 2, 6, 1, 3, 7, 2, 0, 5, 7, 4, 6, 3, 5, 2, 4, 1
338. 0, 3, 5, 1, 7, 5, 2, 7, 5, 0, 6, 1, 3, 6, 4, 1, 3, 7, 4, 2, 0, 4, 6, 2
339. 0, 6, 3, 7, 2, 4, 7, 5, 2, 6, 4, 1, 7, 4, 0, 2, 6, 1, 5, 3, 0, 5, 1, 3
340. 0, 5, 2, 7, 4, 1, 3, 7, 4, 6, 1, 5, 7, 1, 3, 5, 2, 4, 0, 2, 6, 0, 3, 6
341. 0, 4, 6, 3, 7, 4, 6, 1, 5, 2, 4, 1, 7, 2, 0, 6, 2, 7, 5, 1, 3, 5, 0, 3
342. 0, 3, 5, 7, 1, 5, 3, 6, 0, 4, 7, 3, 1, 6, 2, 5, 0, 2, 7, 4, 1, 6, 4, 2
343. 0, 5, 7, 3, 6, 2, 5, 1, 6, 0, 2, 7, 1, 5, 3, 7, 4, 2, 6, 4, 0, 3, 1, 4
344. 0, 2, 5, 0, 3, 1, 5, 2, 7, 5, 3, 6, 1, 4, 6, 0, 4, 2, 6, 3, 7, 1, 4, 7
345. 0, 2, 4, 0, 3, 6, 1, 5, 0, 6, 4, 7, 1, 5, 3, 6, 2, 7, 5, 2, 4, 1, 3, 7
346. 0, 2, 6, 0, 3, 1, 7, 4, 6, 3, 5, 0, 4, 2, 5, 1, 6, 3, 7, 5, 1, 4, 7, 2
347. 0, 5, 3, 7, 1, 3, 6, 0, 3, 1, 4, 7, 5, 2, 0, 4, 2, 6, 4, 2, 7, 5, 1, 6
348. 0, 5, 3, 1, 4, 7, 2, 6, 1, 5, 2, 7, 5, 3, 6, 4, 0, 3, 7, 1, 4, 2, 0, 6
349. 0, 3, 6, 1, 5, 2, 6, 4, 1, 7, 2, 0, 6, 1, 3, 7, 4, 0, 5, 2, 4, 7, 5, 3
350. 0, 3, 6, 2, 7, 4, 2, 5, 3, 6, 4, 1, 7, 3, 1, 5, 0, 6, 1, 4, 0, 2, 7, 5
351. 0, 2, 5, 0, 3, 6, 4, 1, 5, 7, 3, 1, 6, 2, 7, 4, 6, 0, 4, 2, 7, 1, 3, 5
352. 0, 5, 1, 3, 0, 4, 6, 3, 5, 2, 0, 6, 4, 7, 1, 4, 2, 6, 1, 7, 2, 5, 7, 3
353. 0, 4, 6, 2, 7, 4, 2, 0, 6, 2, 5, 1, 4, 7, 1, 6, 3, 0, 5, 1, 3, 7, 5, 3
354. 0, 3, 1, 5, 7, 3, 1, 6, 4, 0, 2, 4, 7, 1, 4, 6, 2, 7, 5, 0, 6, 3, 5, 2
355. 0, 6, 3, 0, 2, 7, 1, 5, 3, 7, 4, 2, 6, 1, 4, 6, 2, 5, 7, 3, 1, 4, 0, 5
356. 0, 5, 7, 4, 6, 3, 0, 6, 1, 5, 2, 4, 1, 6, 2, 0, 4, 2, 7, 5, 3, 1, 7, 3
357. 0, 4, 6, 1, 3, 7, 5, 0, 2, 4, 7, 2, 6, 3, 5, 7, 1, 3, 0, 6, 2, 5, 1, 4
358. 0, 5, 2, 7, 4, 2, 6, 4, 1, 6, 3, 5, 1, 4, 0, 3, 7, 1, 3, 5, 7, 2, 0, 6
359. 0, 2, 7, 3, 1, 6, 2, 7, 1, 5, 2, 4, 0, 5, 3, 0, 6, 4, 7, 5, 3, 6, 4, 1
360. 0, 6, 2, 5, 0, 2, 5, 7, 4, 6, 3, 0, 4, 7, 1, 4, 2, 7, 3, 6, 1, 3, 5, 1
361. 0, 3, 7, 2, 6, 1, 3, 6, 4, 7, 5, 2, 0, 4, 2, 5, 3, 7, 1, 6, 0, 5, 1, 4
362. 0, 6, 4, 7, 3, 0, 2, 5, 1, 4, 2, 7, 5, 0, 4, 6, 1, 5, 3, 7, 1, 3, 6, 2
363. 0, 5, 2, 4, 6, 0, 2, 7, 4, 1, 3, 5, 1, 3, 7, 2, 6, 4, 0, 3, 6, 1, 7, 5
364. 0, 6, 1, 4, 6, 1, 5, 7, 4, 2, 6, 3, 7, 1, 3, 5, 2, 7, 4, 0, 5, 2, 0, 3
365. 0, 5, 3, 1, 5, 2, 7, 5, 3, 0, 2, 6, 1, 4, 7, 3, 6, 2, 4, 0, 6, 4, 7, 1
366. 0, 3, 6, 2, 4, 6, 0, 2, 5, 0, 4, 7, 5, 3, 7, 2, 6, 1, 5, 3, 1, 4, 7, 1
367. 0, 5, 1, 4, 6, 2, 5, 7, 1, 6, 0, 2, 7, 4, 0, 3, 7, 4, 2, 6, 3, 5, 1, 3
368. 0, 2, 5, 7, 4, 2, 5, 1, 3, 6, 4, 7, 2, 6, 1, 4, 0, 3, 1, 7, 3, 5, 0, 6
369. 0, 4, 2, 0, 3, 5, 7, 3, 1, 4, 6, 1, 5, 2, 4, 7, 2, 6, 3, 5, 0, 6, 1, 7
370. 0, 3, 1, 4, 0, 5, 7, 1, 5, 2, 0, 6, 1, 7, 4, 6, 3, 7, 2, 5, 3, 6, 2, 4
371. 0, 3, 5, 2, 4, 0, 6, 2, 4, 6, 1, 3, 5, 0, 2, 7, 5, 1, 6, 3, 7, 1, 4, 7
372. 0, 5, 3, 7, 5, 3, 1, 6, 2, 7, 1, 5, 2, 4, 6, 3, 0, 6, 1, 4, 0, 2, 4, 7
373. 0, 3, 7, 2, 0, 5, 1, 4, 7, 1, 6, 4, 2, 5, 1, 3, 7, 5, 3, 6, 4, 0, 6, 2
374. 0, 4, 7, 2, 4, 1, 5, 7, 1, 6, 2, 5, 3, 6, 0, 3, 1, 4, 6, 2, 0, 5, 3, 7
375. 0, 2, 6, 4, 2, 7, 3, 5, 2, 7, 1, 4, 7, 5, 1, 6, 3, 5, 0, 3, 1, 4, 0, 6
376. 0, 4, 6, 3, 7, 5, 1, 6, 2, 0, 6, 2, 7, 4, 2, 5, 0, 3, 1, 7, 4, 1, 5, 3
377. 0, 4, 2, 5, 3, 1, 5, 7, 3, 1, 6, 0, 5, 2, 6, 4, 1, 7, 2, 0, 3, 6, 4, 7
378. 0, 3, 6, 2, 0, 6, 1, 7, 3, 1, 5, 7, 3, 5, 2, 7, 4, 0, 5, 1, 4, 6, 2, 4
379. 0, 4, 1, 6, 4, 7, 1, 5, 3, 0, 6, 2, 7, 5, 0, 2, 4, 6, 3, 7, 2, 5, 3, 1
380. 0, 4, 2, 5, 0, 2, 5, 1, 3, 0, 6, 1, 4, 7, 3, 5, 7, 1, 6, 2, 7, 4, 6, 3
381. 0, 2, 4, 1, 7, 5, 0, 4, 6, 3, 7, 2, 5, 3, 0, 6, 3, 1, 4, 7, 2, 6, 1, 5
382. 0, 5, 7, 1, 3, 5, 2, 4, 1, 3, 6, 2, 7, 5, 1, 6, 0, 3, 7, 4, 0, 2, 4, 6
383. 0, 5, 3, 7, 2, 5, 7, 4, 2, 5, 1, 6, 4, 0, 6, 2, 0, 3, 6, 1, 3, 7, 1, 4
384. 0, 3, 6, 1, 7, 4, 6, 2, 0, 4, 2, 5, 3, 1, 5, 2, 7, 3, 6, 0, 5, 7, 1, 4
385. 0, 3, 1, 7, 4, 2, 6, 1, 5, 2, 0, 5, 7, 3, 6, 0, 4, 6, 1, 4, 2, 7, 5, 3
386. 0, 4, 1, 7, 3, 0, 5, 1, 6, 3, 5, 7, 4, 6, 2, 0, 6, 2, 4, 7, 2, 5, 1, 3
387. 0, 2, 6, 0, 5, 7, 4, 2, 7, 5, 1, 4, 6, 1, 3, 5, 2, 4, 0, 3, 1, 7, 3, 6
388. 0, 2, 6, 1, 4, 2, 5, 1, 4, 0, 5, 2, 7, 3, 0, 6, 3, 1, 7, 5, 3, 7, 4, 6
389. 0, 6, 4, 2, 7, 5, 2, 6, 3, 0, 4, 1, 7, 4, 1, 6, 3, 7, 5, 1, 3, 5, 0, 2
390. 0, 4, 7, 3, 0, 2, 5, 7, 2, 4, 1, 5, 0, 6, 1, 7, 5, 3, 6, 4, 2, 6, 1, 3
391. 0, 4, 2, 0, 6, 2, 7, 5, 1, 3, 7, 4, 6, 1, 4, 2, 5, 7, 1, 3, 0, 5, 3, 6
392. 0, 6, 3, 7, 1, 3, 6, 4, 1, 7, 4, 2, 5, 0, 2, 5, 1, 6, 2, 7, 5, 3, 0, 4
393. 0, 2, 6, 0, 5, 3, 6, 4, 7, 1, 4, 2, 7, 5, 2, 6, 1, 4, 0, 3, 1, 5, 3, 7
394. 0, 3, 5, 7, 4, 2, 6, 3, 1, 5, 7, 1, 6, 0, 2, 5, 0, 4, 6, 3, 7, 2, 4, 1
395. 0, 5, 1, 7, 3, 0, 4, 7, 5, 2, 4, 6, 3, 1, 6, 0, 2, 6, 1, 4, 2, 7, 5, 3
396. 0, 5, 3, 6, 0, 4, 7, 5, 1, 6, 4, 2, 5, 3, 7, 4, 1, 3, 0, 2, 7, 1, 6, 2
397. 0, 4, 2, 7, 5, 3, 1, 5, 2, 7, 1, 6, 0, 3, 7, 4, 1, 6, 2, 0, 5, 3, 6, 4
398. 0, 3, 1, 5, 0, 2, 7, 1, 6, 3, 7, 4, 6, 2, 7, 5, 3, 1, 4, 0, 6, 4, 2, 5
399. 0, 4, 7, 3, 1, 7, 5, 0, 3, 6, 1, 5, 2, 6, 4, 2, 7, 5, 3, 1, 4, 6, 0, 2
400. 0, 5, 1, 7, 4, 1, 6, 3, 0, 4, 6, 2, 5, 1, 3, 5, 7, 4, 2, 0, 6, 2, 7, 3
401. 0, 4, 7, 2, 4, 6, 3, 5, 0, 2, 7, 5, 2, 6, 4, 1, 7, 3, 5, 1, 6, 0, 3, 1
402. 0, 2, 5, 7, 3, 6, 2, 5, 0, 6, 1, 7, 4, 1, 5, 3, 1, 7, 2, 4, 6, 3, 0, 4
403. 0, 3, 6, 4, 0, 5, 2, 6, 0, 2, 4, 7, 1, 3, 7, 1, 5, 7, 2, 4, 1, 6, 3, 5
404. 0, 4, 1, 7, 4, 6, 1, 5, 2, 0, 5, 3, 6, 2, 7, 3, 6, 0, 3, 1, 4, 2, 7, 5
